0	1	0.68412566
1	0	0.7323339
0	1	-0.10728389
1	0	-0.57403547
0	1	0.75875521
1	0	-0.46294904
0	1	0.99999994
1	0	0.72458345
0	1	0.92648184
1	0	-0.42543104
0	1	0.59870255
1	0	0.51116824
0	1	0.32169962
1	0	0.18457761
0	1	0.73779076
1	0	0.11225603
0	1	-0.18168756
1	0	0.4924908
0	1	0.54941297
1	0	-0.02828686
0	1	0.14502281
1	0	-0.11513739
0	1	-0.18168756
1	0	0.78516495
0	1	0.58436668
1	0	0.2416109
0	1	0.78599399
1	0	0.52750695
0	1	0.96984905
1	0	-0.28518176
0	1	1
1	0	0.92776883
0	1	0.82157481
1	0	0.0390708
0	1	0.97128528
1	0	0.15161814
0	1	0.08979659
1	0	-0.16693857
0	1	0.9743827
1	0	0.22535345
0	1	0.6886307
1	0	0.2554366
0	1	0.74264246
1	0	-0.41099602
0	1	0.60055721
1	0	0.69345146
0	1	0.43743899
1	0	-0.1168341
0	1	0.78053838
1	0	0.49721491
0	1	1
1	0	-0.27160197
0	1	0.47828335
1	0	0.26720217
0	1	1
1	0	-0.72731954
0	1	0.7527349
1	0	0.58985966
0	1	0.43783799
1	0	0.00671621
0	1	0.8282969
1	0	-0.07847168
0	1	0.56434947
1	0	0.50463742
0	1	0.73728496
1	0	0.18720561
0	1	0.96561527
1	0	-0.03588866
0	1	0.51013052
1	0	0.04030228
0	1	0.72669202
1	0	-0.01305226
0	1	0.58436668
1	0	-0.80101955
0	1	0.76568502
1	0	-0.22642007
0	1	0.51708943
1	0	0.19832711
0	1	0.6075806
1	0	-0.06003023
0	1	0.36039865
1	0	0.333891
0	1	0.80890316
1	0	-0.37991935
0	1	1
1	0	-0.08297768
0	1	0.68412566
1	0	0.00745041
0	1	0.85969621
1	0	-0.31453341
0	1	0.59814966
1	0	-0.27828047
0	1	0.60621268
1	0	0.17492284
0	1	0.13217247
1	0	0.20923071
0	1	0.28501546
1	0	0.00907299
0	1	0.60621268
1	0	-0.31705368
0	1	0.68709308
1	0	0.73160863
0	1	-0.09660388
1	0	-0.57327652
0	1	0.75639945
1	0	-0.4600341
0	1	1
1	0	0.72214693
0	1	0.92764294
1	0	-0.44114804
0	1	0.60008484
1	0	0.50903642
0	1	0.32386923
1	0	0.17820092
0	1	0.73994255
1	0	0.1262182
0	1	-0.18232533
1	0	0.48449165
0	1	0.53791952
1	0	-0.02410265
0	1	0.14569588
1	0	-0.11191183
0	1	-0.18232533
1	0	0.78254634
0	1	0.57853711
1	0	0.23373236
0	1	0.7861498
1	0	0.52506131
0	1	0.96899766
1	0	-0.28153455
0	1	1
1	0	0.92803156
0	1	0.81729412
1	0	0.04009864
0	1	0.97110879
1	0	0.15895978
0	1	0.08758942
1	0	-0.1721316
0	1	0.97461134
1	0	0.22805835
0	1	0.69444299
1	0	0.26166964
0	1	0.74118799
1	0	-0.40863782
0	1	0.60539901
1	0	0.69371575
0	1	0.44063675
1	0	-0.11899496
0	1	0.78013462
1	0	0.49094728
0	1	1
1	0	-0.28182441
0	1	0.47056794
1	0	0.26795003
0	1	1
1	0	-0.72916716
0	1	0.75151753
1	0	0.58809763
0	1	0.44242999
1	0	0.00189138
0	1	0.83166879
1	0	-0.07570875
0	1	0.56375313
1	0	0.50390434
0	1	0.73699176
1	0	0.18379201
0	1	0.96529043
1	0	-0.03710157
0	1	0.51041925
1	0	0.03166758
0	1	0.73252529
1	0	-0.01367351
0	1	0.57853711
1	0	-0.80322903
0	1	0.76696986
1	0	-0.2249774
0	1	0.5142979
1	0	0.20242974
0	1	0.60983533
1	0	-0.05939047
0	1	0.35583106
1	0	0.33793014
0	1	0.80830532
1	0	-0.37614906
0	1	1
1	0	-0.08509993
0	1	0.68709308
1	0	0.00910861
0	1	0.86305201
1	0	-0.32427612
0	1	0.59949291
1	0	-0.27647778
0	1	0.61373758
1	0	0.15691213
0	1	0.13336346
1	0	0.22180943
0	1	0.28267908
1	0	0.01774865
0	1	0.61373758
1	0	-0.31942713
0	1	0.6944055
1	0	0.72980899
0	1	-0.07579452
1	0	-0.57047153
0	1	0.75149846
1	0	-0.45466912
0	1	0.99999994
1	0	0.71706992
0	1	0.93013817
1	0	-0.46951863
0	1	0.60869193
1	0	0.50427818
0	1	0.32119176
1	0	0.16737604
0	1	0.74574202
1	0	0.15390372
0	1	-0.18367989
1	0	0.46975723
0	1	0.52462512
1	0	-0.01546325
0	1	0.14526604
1	0	-0.10280713
0	1	-0.18367989
1	0	0.77613533
0	1	0.57383549
1	0	0.22243854
0	1	0.78622717
1	0	0.51990092
0	1	0.96738851
1	0	-0.27172884
0	1	0.99999988
1	0	0.92802715
0	1	0.80764163
1	0	0.04158328
0	1	0.97081995
1	0	0.17182052
0	1	0.0841373
1	0	-0.18429233
0	1	0.97519302
1	0	0.23385663
0	1	0.7032311
1	0	0.26626474
0	1	0.73955381
1	0	-0.40488636
0	1	0.61503625
1	0	0.69402093
0	1	0.44543701
1	0	-0.12190608
0	1	0.77959263
1	0	0.47970077
0	1	1
1	0	-0.29846394
0	1	0.45604688
1	0	0.26692048
0	1	1
1	0	-0.72727686
0	1	0.74950236
1	0	0.58101255
0	1	0.45170534
1	0	-0.01112289
0	1	0.83779275
1	0	-0.07178549
0	1	0.56340688
1	0	0.49980804
0	1	0.73272043
1	0	0.17922662
0	1	0.96461451
1	0	-0.0378058
0	1	0.51129556
1	0	0.01978444
0	1	0.74420315
1	0	-0.01518534
0	1	0.57383549
1	0	-0.8079794
0	1	0.77020973
1	0	-0.22327568
0	1	0.51554459
1	0	0.20849983
0	1	0.60827595
1	0	-0.05761287
0	1	0.35214072
1	0	0.34528977
0	1	0.80544055
1	0	-0.36661643
0	1	1
1	0	-0.08812908
0	1	0.6944055
1	0	0.01306868
0	1	0.86948174
1	0	-0.34379956
0	1	0.60235757
1	0	-0.27144393
0	1	0.62778783
1	0	0.11845282
0	1	0.13806075
1	0	0.24484532
0	1	0.27763903
1	0	0.03671942
0	1	0.62778783
1	0	-0.33064657
0	1	0.69704342
1	0	0.72906244
0	1	-0.06592791
1	0	-0.56916648
0	1	0.74905837
1	0	-0.4518089
0	1	0.99999994
1	0	0.71433657
0	1	0.93104571
1	0	-0.48295006
0	1	0.61194992
1	0	0.50322175
0	1	0.32359233
1	0	0.16251723
0	1	0.74875718
1	0	0.16821826
0	1	-0.18447477
1	0	0.45891353
0	1	0.51344818
1	0	-0.01081797
0	1	0.14621355
1	0	-0.09825669
0	1	-0.18447477
1	0	0.77367747
0	1	0.5674693
1	0	0.21656302
0	1	0.7863037
1	0	0.51687229
0	1	0.96647
1	0	-0.26689565
0	1	0.99999988
1	0	0.92793924
0	1	0.8027631
1	0	0.04193508
0	1	0.97063416
1	0	0.17803633
0	1	0.08246502
1	0	-0.18931772
0	1	0.97547293
1	0	0.23554188
0	1	0.70857751
1	0	0.27117851
0	1	0.73850882
1	0	-0.40328035
0	1	0.61926305
1	0	0.69486737
0	1	0.44733402
1	0	-0.12398465
0	1	0.77967799
1	0	0.47399369
0	1	1
1	0	-0.30557445
0	1	0.45010778
1	0	0.26545146
0	1	0.99999994
1	0	-0.72731394
0	1	0.74881846
1	0	0.57758641
0	1	0.45696154
1	0	-0.01517448
0	1	0.84042811
1	0	-0.0706279
0	1	0.56386614
1	0	0.49730757
0	1	0.72921199
1	0	0.17618974
0	1	0.96424031
1	0	-0.03961101
0	1	0.51159775
1	0	0.01190941
0	1	0.74872059
1	0	-0.01609109
0	1	0.5674693
1	0	-0.80980593
0	1	0.7712059
1	0	-0.2222885
0	1	0.51401889
1	0	0.21190099
0	1	0.61044037
1	0	-0.05617717
0	1	0.34778982
1	0	0.34863761
0	1	0.80416054
1	0	-0.36273485
0	1	0.99999988
1	0	-0.08901045
0	1	0.69704342
1	0	0.01501039
0	1	0.87238419
1	0	-0.35306129
0	1	0.60393101
1	0	-0.26891202
0	1	0.63429141
1	0	0.0992796
0	1	0.14330314
1	0	0.25657177
0	1	0.27525786
1	0	0.04734083
0	1	0.63429141
1	0	-0.33340815
0	1	0.7013309
1	0	0.7280708
0	1	-0.05588494
1	0	-0.56848532
0	1	0.74687499
1	0	-0.44969505
0	1	1
1	0	0.71219307
0	1	0.93223602
1	0	-0.49600375
0	1	0.61873001
1	0	0.50061518
0	1	0.31572589
1	0	0.15790135
0	1	0.75182253
1	0	0.18166965
0	1	-0.18571757
1	0	0.44404554
0	1	0.51218677
1	0	-0.00595155
0	1	0.14788693
1	0	-0.09289917
0	1	-0.18571757
1	0	0.76943666
0	1	0.57119161
1	0	0.2119246
0	1	0.78644085
1	0	0.51369339
0	1	0.96563447
1	0	-0.26268539
0	1	1
1	0	0.92793125
0	1	0.79803014
1	0	0.04249214
0	1	0.97051501
1	0	0.18654808
0	1	0.0805532
1	0	-0.19317752
0	1	0.97577351
1	0	0.24145024
0	1	0.71096659
1	0	0.27144027
0	1	0.73746413
1	0	-0.40182632
0	1	0.62643439
1	0	0.69510084
0	1	0.44837177
1	0	-0.1249627
0	1	0.77960569
1	0	0.46857339
0	1	0.99999988
1	0	-0.31154308
0	1	0.44293556
1	0	0.26376766
0	1	1
1	0	-0.72395527
0	1	0.74741954
1	0	0.57209158
0	1	0.46233299
1	0	-0.02517734
0	1	0.84283757
1	0	-0.06936196
0	1	0.56442654
1	0	0.49482095
0	1	0.72550333
1	0	0.17481552
0	1	0.96395451
1	0	-0.03909245
0	1	0.5119524
1	0	0.00563583
0	1	0.75364065
1	0	-0.01707831
0	1	0.57119161
1	0	-0.8119157
0	1	0.77241731
1	0	-0.22163843
0	1	0.51770914
1	0	0.21479926
0	1	0.60384411
1	0	-0.0552377
0	1	0.35033444
1	0	0.3518866
0	1	0.80204815
1	0	-0.35708046
0	1	0.99999994
1	0	-0.09048354
0	1	0.7013309
1	0	0.01711233
0	1	0.87514955
1	0	-0.36212751
0	1	0.60503989
1	0	-0.26633886
0	1	0.63951993
1	0	0.07944187
0	1	0.14715402
1	0	0.27057028
0	1	0.27267066
1	0	0.05478336
0	1	0.63951993
1	0	-0.34125474
1	0	-0.00290024
0	1	0.55061173
1	0	-0.0796468
0	1	0.76010883
1	0	-0.11013518
0	1	0.44943973
1	0	-0.7584402
0	1	0.73124456
1	0	-0.06908109
0	1	0.56439567
1	0	0.39372444
0	1	0.675704
1	0	0.07404295
0	1	0.33317566
1	0	0.41209397
0	1	0.80202401
1	0	-0.19125983
1	0	0.41209397
0	1	0.80202401
1	0	-0.19125983
0	1	1
1	0	-0.18940926
0	1	0.79425263
1	0	0.15417454
0	1	0.91899341
1	0	-0.36498013
0	1	0.60030091
1	0	-0.17703648
0	1	0.79358
1	0	-0.45148373
0	1	0.25175568
1	0	0.50033772
0	1	0.10947687
1	0	0.09040928
0	1	0.79358
1	0	-0.46901849
1	0	0.17530039
0	1	0.07993896
1	0	0.10104066
0	1	-0.1700379
1	0	0.6623047
0	1	0.44122073
1	0	-0.00964864
0	1	0.83594203
1	0	0.50135797
0	1	0.90981954