0	1	-0.17855772
1	0	0.17389987
0	1	1
1	0	0.24885323
0	1	1
0	1	0.78135537
1	0	-0.03614161
1	0	-0.11077627
0	1	0.8471765
0	1	0.99884546
1	0	0.04452994
0	1	-0.09778827
0	1	0.56351506
1	0	0.18903383
1	0	-0.47078413
0	1	0.59090906
0	1	0.83609954
0	1	0.97109701
0	1	-0.17911593
1	0	0.00806997
1	0	0.51580289
0	1	0.5071742
1	0	-0.41709813
0	1	0.5136337
0	1	0.29196608
1	0	-0.46677954
1	0	-0.37562577
0	1	0.46960423
1	0	0.50735968
1	0	0.20277076
0	1	1
0	1	0.50617616
0	1	1
1	0	-0.03926776
0	1	-0.17969485
1	0	-0.30524341
0	1	0.75411566
0	1	0.35867476
1	0	-0.05931865
0	1	0.99987785
0	1	0.13466189
0	1	0.58544402
1	0	0.1261407
1	0	0.73362561
0	1	0.29629757
0	1	-0.18284755
0	1	-0.17860187
0	1	0.859856
0	1	0.68553361
1	0	0.25451154
1	0	-0.16759095
1	0	-0.40756287
1	0	-0.08550501
1	0	-0.03911047
0	1	0.42437916
0	1	0.76531028
1	0	0.50721269
0	1	0.34242287
0	1	0.99919302
1	0	-0.72981711
1	0	0.03614227
0	1	-0.18016353
0	1	0.78557798
0	1	0.54817423
1	0	-0.08038069
1	0	-0.73461099
1	0	0.50836845
1	0	0.22743679
0	1	0.7425932
1	0	-0.46272873
0	1	0.6050926
0	1	0.97331148
1	0	0.6945282
0	1	0.50770549
0	1	0.51140038
1	0	-0.39039866
1	0	0.00852895
1	0	0.21658588
1	0	-0.41306435
0	1	-0.18171839
1	0	-0.39856479
1	0	0.19884426
0	1	0.76134401
0	1	0.43003939
0	1	0.28566103
1	0	-0.29261709
0	1	0.72053788
1	0	0.72897467
1	0	0.06872437
1	0	-0.12040671
1	0	0.26821153
1	0	-0.29294417
1	0	0.01019427
0	1	0.67643553
0	1	0.81628456
0	1	0.13400028
0	1	0.73824165
1	0	0.33168491
1	0	0.04153158
1	0	0.7908235
1	0	0.03106334
1	0	-0.12536081
1	0	0.00348635
1	0	0.92744629
1	0	-0.08394911
1	0	0.51232232
0	1	0.54202559
1	0	0.12709657
0	1	0.50877778
0	1	0.96721217
0	1	0.97100833
0	1	0.99908613
1	0	0.51154835
0	1	0.43664756
1	0	-0.01328872
0	1	0.14465844
1	0	-0.25325423
1	0	0.18755624
1	0	0.78542272
0	1	0.97011159
1	0	-0.28044183
0	1	1
1	0	0.26729607
1	0	-0.072752
1	0	0.19963156
1	0	-0.73286706
1	0	-0.31874107
0	1	0.73086234
0	1	0.58837102
1	0	-0.57249634
0	1	0.75265486
0	1	0.58229163
1	0	0.32549086
1	0	0.19642484
1	0	-0.79035688
0	1	0.58309045
0	1	0.96988447
0	1	0.85498531
0	1	0.59781909
1	0	-0.01377451
1	0	-0.06101448
1	0	-0.11985113
1	0	0.00601382
1	0	0.25526838
0	1	0.35586356
0	1	0.54660644
1	0	0.73533392
1	0	-0.17246101
1	0	0.02011786
0	1	0.68765408
0	1	0.36108121
0	1	0.48985513
1	0	0.33814052
0	1	0.96583619
0	1	1
1	0	-0.27652409
0	1	0.78007203
0	1	0.97270094
1	0	-0.37664897
0	1	0.60680859
1	0	0.50109782
1	0	0.18327746
0	1	0.08810413
0	1	0.67235676
1	0	-0.07903706
0	1	0.73933161
1	0	0.17473932
1	0	0.11266646
1	0	0.92706931
1	0	0.1614931
1	0	0.23433946
0	1	0.96495283
0	1	0.67313451
1	0	-0.15190254
0	1	0.61462667
0	1	0.61901621
1	0	0.22570006
1	0	0.32279865
0	1	0.50780188
0	1	0.77950527
0	1	1
0	1	0.68718989
0	1	0.7656232
1	0	0.69653422
1	0	0.26746514
0	1	0.14803449
1	0	-0.57446318
1	0	-0.08819856
1	0	0.17750808
0	1	0.96987637
0	1	0.28831473
0	1	0.5671853
0	1	0.47780673
0	1	0.7846546
0	1	0.57306911
0	1	0.43707332
0	1	0.3594143
0	1	0.32152065
1	0	-0.44063879
0	1	0.72694122
0	1	1
1	0	-0.07521282
1	0	-0.31576114
1	0	-0.13147464
0	1	0.80879789
1	0	-0.27095991
1	0	-0.22781053
1	0	0.48987447
1	0	0.33319768
1	0	0.92422116
1	0	-0.06250701
0	1	1
0	1	0.97179921
0	1	0.99940218
1	0	0.21185931
1	0	0.01673252
1	0	0.92734898
0	1	0.76417094
1	0	0.78437516
0	1	0.99897041
0	1	0.61014984
1	0	-0.57405457
1	0	0.59755957
0	1	0.09501397
1	0	-0.11228712
1	0	0.03792061
0	1	0.82237001
0	1	0.99878483
0	1	0.57039216
1	0	0.25857764
1	0	-0.28158244
1	0	0.26104748
0	1	0.99931869
0	1	1
0	1	0.92488204
0	1	0.97172146
1	0	0.00132166
0	1	0.33322563
0	1	0.32186688
0	1	0.59028889
0	1	0.83047378
0	1	0.97153514
1	0	0.20340668
1	0	0.49282219
1	0	-0.08190167
0	1	0.60073761
1	0	-0.285126
0	1	0.69158314
0	1	0.59884844
1	0	0.50245728
1	0	-0.72732216
0	1	0.58493352
1	0	0.0034832
0	1	0.58431442
1	0	-0.46067657
1	0	-0.22535263
1	0	0.22314692
1	0	0.18930243
0	1	0.43732835
1	0	-0.1552642
0	1	0.57797089
0	1	-0.18066162
0	1	0.82004582
0	1	0.6933809
0	1	0.14844609
0	1	0.62376008
1	0	-0.02912411
0	1	0.43313549
0	1	0.78539698
0	1	0.56678298
0	1	0.59498309
0	1	0.43426473
1	0	-0.30177491
0	1	0.73227909
0	1	0.75812597
1	0	0.50501558
1	0	-0.22625416
0	1	0.59728659
1	0	0.58990968
0	1	0.73794848
1	0	0.53288801
1	0	0.72299364
0	1	0.10000356
0	1	0.97135853
0	1	0.73919554
0	1	0.83202643
1	0	0.0396392
1	0	0.03492278
1	0	-0.11528462
0	1	0.09651182
1	0	-0.11631982
0	1	0.60161485
0	1	0.97239801
0	1	0.59641543
1	0	0.05106649
0	1	0.76499614
0	1	0.75821873
0	1	-0.11663786
1	0	0.19148395
0	1	0.92671433
0	1	0.13499902
1	0	-0.28194648
0	1	0.78548886
1	0	0.80080451
1	0	0.19205205
0	1	0.57259117
1	0	0.0044868
0	1	0.43370029
0	1	0.58939545
1	0	0.14574965
1	0	-0.01311071
1	0	0.73679498
1	0	-0.06115618
0	1	0.97156341
1	0	-0.73127025
0	1	0.8517553
0	1	0.62593894
0	1	0.34666702
1	0	-0.00464629
1	0	0.20576363
0	1	0.75503381
1	0	-0.29944333
0	1	0.6671312
1	0	-0.28568123
0	1	0.92200118
1	0	0.52728973
0	1	0.68417681
1	0	0.7316696
1	0	0.15199462
0	1	0.75432143
0	1	1
1	0	-0.2247723
0	1	0.78119075
0	1	0.35836769
0	1	0.92988476
0	1	0.80961496
0	1	-0.10514435
0	1	0.73664355
0	1	0.73561416
1	0	-0.03837817
1	0	0.03928654
1	0	-0.80109687
1	0	0.19790764
1	0	0.26539148
1	0	0.49861179
1	0	0.09893006
1	0	0.00208202
0	1	0.5650626
0	1	0.44358397
1	0	-0.29128629
1	0	0.15711309
1	0	-0.07714316
1	0	-0.11774378
1	0	-0.02402413
1	0	0.03828955
0	1	0.58408665
0	1	0.76657198
1	0	-0.28121143
1	0	-0.47484005
0	1	0.75126673
1	0	-0.79651052
0	1	0.75705579
0	1	0.13566771
1	0	-0.28260427
1	0	-0.00890873
1	0	-0.22510453
1	0	0.5033425
0	1	0.68936975
1	0	0.51730293
1	0	0.13613339
1	0	-0.3941348
0	1	0.51758993
0	1	0.74056191
1	0	-0.32559555
0	1	0.5776075
1	0	-0.29536304
1	0	-0.41156402
0	1	-0.17903305
0	1	0.74144845
1	0	0.58689198
1	0	0.04087819
1	0	-0.79197991
1	0	0.7211674
1	0	0.49780888
0	1	0.59400075
0	1	0.66770179
1	0	-0.27664951
0	1	0.28252082
1	0	0.92765391
1	0	-0.57265805
0	1	0.08963731
0	1	0.78049084
1	0	0.25635519
0	1	0.61261754
1	0	0.73195997
1	0	0.2285496
1	0	0.51988498
1	0	0.19454853
1	0	0.7347848
0	1	0.82515804
0	1	0.56975587
1	0	0.03103501
1	0	-0.38081767
1	0	-0.04327897
0	1	0.57319094
0	1	0.74577895
0	1	0.71640936
1	0	0.6936222
0	1	0.5371232
1	0	-0.08210992
0	1	0.59798912
0	1	0.5904458
0	1	0.9984654
1	0	-0.80414086
1	0	0.50532853
0	1	0.7626021
1	0	0.53009132
0	1	0.57724243
0	1	0.70814688
0	1	0.14765978
0	1	-0.12807775
1	0	0.52287725
1	0	0.69455849
1	0	-0.2412809
1	0	-0.01342199
1	0	0.72676707
0	1	0.74568415
1	0	0.20905739
0	1	0.56978201
1	0	-0.28662166
1	0	0.53456441
1	0	-0.0112125
1	0	0.59377966
1	0	0.6951524
1	0	-0.4160776
0	1	0.97238391
1	0	0.21276423
0	1	0.99987977
1	0	0.51433029
1	0	0.19277955
0	1	0.99829938
0	1	0.74374034
1	0	-0.31747462
0	1	-0.14137379
0	1	0.50946258
0	1	1
0	1	0.49487297
1	0	0.50827129
1	0	0.26208019
1	0	-0.11334568
1	0	-0.15792122
0	1	1
0	1	0.96831971
0	1	0.80988054
1	0	0.18630761
0	1	1
1	0	-0.03710286
1	0	-0.42550309
0	1	0.73405201
1	0	0.18328065
0	1	0.8630006
0	1	-0.18187517
1	0	0.48440613
0	1	0.82897471
1	0	-0.3923978
0	1	0.7333067
0	1	0.68713948
0	1	0.54490539
0	1	0.96593394
1	0	-0.03846168
0	1	0.8090765
0	1	0.92318846
0	1	0.57162008
1	0	0.26220657
0	1	0.50941398
0	1	0.68776058
0	1	0.78418645
0	1	0.44019188
0	1	0.81639519
1	0	0.79450507
0	1	0.60426073
0	1	0.59635283
1	0	0.59866951
1	0	-0.03226101
0	1	0.96609032
0	1	0.14566186
0	1	0.67553239
1	0	0.18995668
0	1	0.80661762
1	0	-0.06071088
0	1	0.5084889
1	0	-0.26207596
1	0	-0.5747536
0	1	0.82654554
1	0	0.26958215
1	0	-0.40932128
1	0	0.24101114
0	1	0.13310573
1	0	0.08304869
0	1	0.60417682