1	0	-0.08376658
0	1	0.97136735
1	0	-0.08925518
1	0	-0.32023689
0	1	0.67996195
1	0	0.31237111
0	1	0.34435671
0	1	1
1	0	-0.07687701
1	0	-0.05453884
0	1	0.17547334
0	1	0.55118866
0	1	0.55834328
1	0	0.04157302
0	1	0.99987989
1	0	0.03064987
0	1	-0.26007553
1	0	0.55860965
1	0	0.21049856
0	1	0.16356553
0	1	0.16382008
0	1	0.87700102
0	1	0.53671422
1	0	-0.11560609
0	1	0.80096935
1	0	-0.74927152
0	1	0.46143786
0	1	0.08460086
0	1	0.89460999
1	0	0.22905385
0	1	0.54293395
1	0	0.91000294
0	1	0.47223328
0	1	0.48511932
1	0	0.1264912
0	1	0.88783324
0	1	0.36804718
0	1	1
0	1	0.52506242
0	1	-0.11394645
0	1	0.96052027
1	0	0.24404021
0	1	0.77065595
1	0	0.76822327
0	1	0.57437495
0	1	0.60768967
1	0	0.18749732
0	1	0.49551873
1	0	0.71632728
0	1	0.88524863
0	1	0.97701942
1	0	-0.35319934
0	1	0.72554667
0	1	0.76782107
0	1	0.71917473
1	0	0.00643784
0	1	0.18825909
0	1	0.56270371
0	1	0.77764719
1	0	0.02454011
1	0	-0.01226056
1	0	0.01839071
0	1	0.96491143
0	1	0.49718256
0	1	0.55845678
1	0	-0.22192684
0	1	0.35090443
1	0	-0.7178001
0	1	0.55761352
1	0	0.02211567
0	1	0.80080094
1	0	-0.00404469
1	0	0.56875194
1	0	0.01520396
0	1	0.52937689
0	1	0.68176979
0	1	0.22058992
0	1	0.9748725
1	0	0.43183921
1	0	0.53123343
1	0	0.55257758
1	0	0.91235362
0	1	0.97700843
1	0	-0.08708645
1	0	-0.32566537
1	0	-0.5189032
0	1	0.79597454
0	1	0.77012139
1	0	0.84334929
1	0	-0.14875004
1	0	0.23001905
0	1	0.61387144
0	1	0.7908308
1	0	0.39087298
0	1	0.58871513
1	0	-0.43513524
0	1	0.72873193
0	1	0.46532379
1	0	-0.16343208
1	0	0.2675131
1	0	0.20135054
1	0	0.53054192
0	1	0.4841529
0	1	0.53819107
0	1	0.61247435
1	0	0.21064534
0	1	0.97213478
0	1	0.89663211
0	1	0.54318126
1	0	-0.17711826
1	0	0.52734053
0	1	0.77171876
1	0	0.15020952
1	0	-0.43188695
0	1	-0.25735488
1	0	-0.10897099
1	0	0.57438312
0	1	0.96436447
1	0	0.26908969
1	0	-0.07547352
0	1	0.62761909
0	1	0.76338065
0	1	0.46843867
0	1	0.59654345
0	1	0.71029064
0	1	0.99987785
0	1	0.76413014
0	1	0.4031039
1	0	0.26032138
0	1	0.79711869
0	1	0.76660287
1	0	-0.07080742
0	1	0.75840366
0	1	0.97460987
0	1	0.41513169
1	0	-0.21458793
1	0	0.18939209
1	0	-0.43338666
1	0	-0.12414759
1	0	-0.03277731
0	1	0.1969266
0	1	0.48191562
1	0	0.74385984
0	1	1
0	1	0.6265428
1	0	0.04256524
1	0	-0.3324884
0	1	0.40328441
1	0	-0.07109504
1	0	0.11232688
1	0	-0.43797849
1	0	-0.08974345
0	1	0.97721122
0	1	0.97141858
0	1	0.63705492
0	1	0.4873531
1	0	-0.31806071
0	1	0.69430716
0	1	0.77860972
1	0	-0.0895367
0	1	1
0	1	0.64097099
0	1	0.97118805
0	1	0.97587633
0	1	-0.14052565
0	1	0.61924191
1	0	0.5320954
0	1	0.5605126
1	0	0.02052418
1	0	-0.09772418
0	1	0.47627041
0	1	0.99919314
1	0	-0.00695862
0	1	0.69103056
1	0	0.02153173
0	1	0.09674907
0	1	-0.13281493
0	1	0.53507273
1	0	0.35904204
1	0	0.11910866
0	1	1
1	0	-0.18853211
0	1	0.44052143
0	1	0.76648912
1	0	0.11338207
0	1	0.33852264
0	1	0.52381597
1	0	-0.0291442
1	0	0.74245781
0	1	0.62341103
1	0	0.71092189
0	1	0.52184913
0	1	0.5213421
1	0	0.45349471
0	1	0.57216741
1	0	-0.32299979
0	1	-0.12376819
1	0	-0.05491993
1	0	0.20985391
0	1	0.63746878
0	1	0.49460308
0	1	0.33708772
1	0	0.51882786
1	0	-0.35792397
0	1	0.76578392
0	1	0.41228206
0	1	1
1	0	-0.11293446
0	1	0.97236353
1	0	-0.12849545
0	1	0.56202578
0	1	0.48395624
1	0	-0.09679391
1	0	0.43243594
1	0	-0.12162051
1	0	0.40375953
1	0	-0.12307968
1	0	-0.04976582
1	0	0.01664596
1	0	-0.53168093
0	1	0.545547
1	0	-0.09670238
1	0	-0.15926358
1	0	-0.19951462
1	0	-0.52129973
1	0	0.18261119
1	0	-0.70971501
1	0	-0.4368301
0	1	0.41258236
1	0	-0.02141037
1	0	0.39716157
1	0	0.70937478
0	1	0.52874656
1	0	-0.32993426
1	0	-0.14535922
1	0	-0.18338278
1	0	-0.5528756
0	1	0.59962736
1	0	-0.11658628
0	1	0.77306008
0	1	0.77204614
0	1	0.68844414
1	0	-0.21152955
0	1	0.34111338
0	1	0.78790523
0	1	0.78970046
1	0	-0.05444613
1	0	-0.10178517
1	0	-0.7222382
0	1	0.99878483
1	0	0.89979477
0	1	0.6802414
0	1	0.64819662
1	0	-0.06299139
0	1	0.79508786
1	0	-0.1018812
0	1	0.47043287
1	0	0.02401389
0	1	0.99897047
1	0	0.90022731
0	1	0.79292573
1	0	-0.02006801
0	1	0.51800432
1	0	-0.09408549
1	0	0.00301153
0	1	0.77961829
1	0	0.53809396
0	1	0.06864002
0	1	-0.23471774
1	0	-0.71714109
0	1	0.79292322
1	0	-0.07990789
1	0	-0.17782164
1	0	0.57830915
0	1	0.72973383
1	0	-0.07401366
0	1	0.32854196
0	1	0.40724623
0	1	0.73282753
1	0	-0.16558038
1	0	0.55004129
1	0	-0.18287979
0	1	0.63200051
0	1	1
1	0	-0.34394358
0	1	0.7890716
1	0	-0.02474053
0	1	-0.13337314
1	0	-0.51100164
0	1	0.79430737
0	1	0.40267479
0	1	0.41091137
0	1	0.60961672
1	0	-0.19389193
1	0	-0.10650486
1	0	0.1665136
0	1	0.99940218
1	0	0.02055898
0	1	0.77778832
0	1	0.70457438
0	1	0.48394355
0	1	0.46117528
0	1	0.58631228
1	0	-0.09917738
0	1	0.76207562
1	0	0.29100748
0	1	0.40262875
0	1	0.35764277
0	1	0.5157303
1	0	-0.43291931
1	0	-0.43361026
1	0	0.86190583
1	0	0.09544941
1	0	0.53337301
0	1	0.75469414
1	0	-0.08122475
1	0	-0.43827294
0	1	0.48024039
1	0	0.01348818
0	1	0.89067419
1	0	-0.21554944
1	0	-0.75519091
1	0	0.02584094
0	1	0.99884552
0	1	0.70568169
0	1	1
0	1	0.73648315
1	0	0.5687179
0	1	0.40608804
0	1	0.42246862
1	0	-0.20022508
0	1	1
0	1	0.63771142
1	0	0.18056821
0	1	1
1	0	-0.08930507
1	0	0.5637398
0	1	0.99908613
0	1	0.40022036
0	1	0.97679012
1	0	-0.19834379
1	0	0.14231023
1	0	0.13439656
0	1	0.88037688
0	1	0.60924403
0	1	1
1	0	0.26492973
0	1	0.50672496
1	0	0.74249188
1	0	-0.51679547
0	1	0.53607793
1	0	-0.02157329
0	1	0.75642635
0	1	0.40229747
1	0	0.52206484
1	0	0.26336807
1	0	0.53020742
1	0	0.22387762
0	1	0.76128078
0	1	0.89186273
0	1	0.99829938
0	1	0.47585028
1	0	-0.14464808
1	0	0.00652473
0	1	1
1	0	0.55747269
0	1	0.6399091
0	1	0.55927826
1	0	0.26410585
1	0	0.21584446
0	1	0.50648688
1	0	0.56288331
0	1	0.87409897
1	0	0.26441749
0	1	0.97583221
0	1	-0.11306035
0	1	0.19042249
1	0	0.76385275
0	1	0.9646255
1	0	0.40563168
1	0	0.56022782
1	0	0.85440349
0	1	0.76093224
1	0	-0.01894304
0	1	0.54322977
1	0	0.30062988
1	0	-0.01110242
0	1	-0.14670608
0	1	0.73300592
1	0	0.01745356
1	0	0.13957239
0	1	0.48374143
1	0	-0.09993399
0	1	0.78654121
1	0	-0.04267478
1	0	-0.21100522
1	0	-0.0191736
1	0	0.07947117
0	1	0.97596456
0	1	-0.12466053
1	0	0.55984245
0	1	0.60237638
0	1	0.72812934
1	0	-0.08315631
1	0	-0.028684
0	1	1
1	0	0.38422605
0	1	-0.13943267
1	0	-0.21077408
0	1	0.71183183
0	1	0.71568608
1	0	0.01848772
0	1	0.6367211
1	0	0.84885286
0	1	0.80514935
1	0	0.26309575
0	1	0.79617932
1	0	-0.74209642
0	1	0.17129708
1	0	-0.5410565
0	1	0.78829255
0	1	0.96273222
0	1	-0.25004818
1	0	0.70572218
1	0	0.37102054
1	0	-0.03537492
1	0	0.19433323
1	0	-0.72543985
1	0	0.7611083
1	0	-0.73371648
0	1	0.55879066
1	0	0.371129
1	0	0.76517891
0	1	0.61749347
1	0	-0.43800764
1	0	0.57549202
1	0	0.44574621
0	1	0.5087635
1	0	-0.21667187
1	0	0.71469912
1	0	0.41967834
1	0	-0.02614268
0	1	0.5333267
1	0	-0.18950366
1	0	0.58457694
0	1	0.54640644
0	1	0.97596182
0	1	0.11617469
1	0	0.74532359
1	0	0.90925166
1	0	0.12580966
0	1	0.30746273
0	1	0.63354481
0	1	0.31809174
0	1	1
0	1	0.99931869
1	0	0.21026767
1	0	0.06201764
0	1	0.48501183
1	0	0.86926405
0	1	0.76191242
1	0	-0.54563378
0	1	0.76609491
1	0	0.20852612
1	0	-0.01574029
0	1	0.63873188
1	0	-0.13114681
1	0	0.75758878
1	0	-0.33671892
0	1	0.17836722
1	0	-0.52483048
0	1	0.43394351
0	1	0.10675332
1	0	-0.03078102
0	1	0.5885082
0	1	0.20324414
0	1	0.53127578
1	0	-0.43609344
1	0	-0.51396589
1	0	0.52955744
0	1	0.7024127
1	0	0.51154258
0	1	-0.24346485
1	0	0.74422408
1	0	-0.05108244
1	0	0.4175851
0	1	0.74335505
1	0	-0.0425993
1	0	0.27926412
0	1	0.9984654
0	1	0.47480582
1	0	0.41087915
1	0	0.21876156
1	0	0.20793947
0	1	0.8815925
1	0	-0.01841634
0	1	-0.14767846
1	0	0.25278912
1	0	-0.21323659
1	0	-0.72919513