1	0	0.72375428
1	0	0.26064916
1	0	0.24108386
0	1	0.73966569
1	0	-0.05032877
1	0	-0.12810785
0	1	0.15372873
1	0	0.29468044
0	1	-0.19126809
1	0	0.35021961
0	1	0.59181914
1	0	0.35777004
0	1	0.63560539
1	0	0.19416537
0	1	0.64984421
1	0	0.47430627
0	1	0.9347793
1	0	0.02486909
0	1	-0.19274695
0	1	1
0	1	0.31325933
0	1	-0.18954751
1	0	0.27331031
0	1	0.56484392
0	1	0.17320166
1	0	-0.21001177
1	0	0.04409691
0	1	0.3175687
1	0	0.0817464
0	1	0.59865559
1	0	0.17092583
1	0	0.20002854
0	1	0.97527175
0	1	0.55338426
0	1	0.7337836
0	1	-0.18801872
0	1	0.46095546
1	0	-0.08307167
1	0	-0.04664139
1	0	0.4792016
1	0	-0.70694335
0	1	0.57359015
0	1	0.67366806
1	0	-0.03304598
0	1	0.93892097
0	1	-0.1858609
1	0	-0.44124695
1	0	0.75229044
1	0	0.22244942
0	1	1
0	1	0.84814013
0	1	0.60612362
1	0	0.92471141
0	1	0.71318627
0	1	0.9984654
1	0	-0.82209117
0	1	0.41445044
1	0	0.19599783
1	0	-0.38802762
0	1	0.01665673
1	0	-0.04083662
0	1	0.99931869
1	0	0.15721126
0	1	0.52996726
1	0	0.41275358
0	1	0.96160512
1	0	0.3597704
1	0	0.56064353
0	1	0.99878483
0	1	0.72702714
0	1	0.77589943
1	0	0.24125545
0	1	0.78497822
1	0	-0.12705576
1	0	-0.44591148
1	0	0.36531394
1	0	0.44160054
0	1	0.71293383
0	1	0.49042408
1	0	0.24589858
1	0	0.37120979
0	1	0.46938407
1	0	-0.06525883
1	0	0.72421158
0	1	0.66178196
0	1	0.73225157
0	1	0.78819187
0	1	0.60108803
0	1	0.96226468
1	0	-0.71907717
1	0	-0.39095809
1	0	0.24459872
0	1	0.78000845
0	1	0.14312875
0	1	0.96082604
1	0	0.27331979
1	0	-0.09697512
0	1	0.70561422
0	1	0.85050289
0	1	-0.18841722
0	1	0.69096194
1	0	-0.57911353
1	0	0.51672975
0	1	1
0	1	0.42702201
1	0	0.03074
1	0	0.15987919
1	0	-0.20353018
1	0	-0.70431316
0	1	0.45391389
1	0	0.24193423
1	0	0.35920047
1	0	0.70155516
1	0	-0.8177923
0	1	0.55059527
1	0	-0.09127284
1	0	-0.40540983
0	1	0.50032261
0	1	0.97571425
1	0	0.18493885
0	1	0.77748608
1	0	0.70242271
0	1	0.96869584
1	0	-0.34830293
1	0	-0.36000659
0	1	0.72835131
0	1	0.46186986
0	1	0.78370574
1	0	0.52179226
0	1	0.96386152
1	0	-0.05785089
0	1	0.72834188
1	0	0.9278006
1	0	0.34064647
1	0	-0.56602387
1	0	-0.01957385
1	0	-0.0191089
0	1	0.16318022
0	1	0.77401975
1	0	0.04282352
1	0	-0.0083784
0	1	0.75484345
0	1	0.78773057
1	0	-0.01855281
1	0	-0.04400196
1	0	-0.32399188
1	0	-0.2515455
0	1	0.63477272
0	1	-0.19078814
1	0	0.45122389
0	1	0.69132619
1	0	0.50819904
1	0	-0.04082886
1	0	0.20085048
1	0	-0.25830847
0	1	0.45765744
0	1	0.99829938
0	1	0.77842359
1	0	-0.35153651
1	0	0.36850771
1	0	0.37511201
0	1	0.72648993
1	0	-0.0298046
0	1	0.74441835
0	1	0.96194759
0	1	0.66590281
1	0	-0.24281506
1	0	-0.43901296
0	1	0.96878526
0	1	0.77382694
1	0	0.01882712
0	1	0.48587652
0	1	0.75977334
0	1	0.75611963
0	1	0.79891179
0	1	0.07206079
1	0	0.46249314
1	0	-0.21987272
0	1	0.74354847
0	1	0.15558585
1	0	-0.56874358
0	1	0.962905
0	1	0.88562191
0	1	0.97442062
1	0	0.69666577
1	0	0.16739582
0	1	0.89149271
1	0	0.49260537
1	0	0.72558524
1	0	-0.00384459
0	1	0.65966367
0	1	0.76187824
0	1	0.78785022
1	0	-0.39661554
1	0	0.49643798
1	0	-0.07148505
1	0	0.70940445
1	0	0.2071457
0	1	0.73551522
0	1	0.39755587
1	0	0.92759571
0	1	1
1	0	0.45463626
1	0	-0.13144869
0	1	0.76830673
1	0	-0.04095417
0	1	0.59560935
0	1	0.14730833
1	0	0.0724683
1	0	-0.22403822
0	1	0.95661557
1	0	-0.52143543
1	0	-0.03849568
0	1	0.76691162
1	0	-0.26121846
0	1	0.07280092
0	1	0.77950946
1	0	-0.38819024
0	1	0.14573473
0	1	0.56120969
1	0	0.69557006
0	1	0.85973967
1	0	0.69610797
0	1	0.96964883
1	0	-0.09912542
0	1	0.78779829
0	1	0.99897047
0	1	0.77682097
1	0	0.20550778
1	0	-0.0436174
1	0	-0.21148011
1	0	0.14547816
0	1	0.78512029
1	0	0.27838427
1	0	-0.05634455
1	0	-0.12571661
1	0	0.42501632
0	1	0.9390242
0	1	0.52189257
1	0	-0.3519454
1	0	-0.43750884
0	1	0.56609371
1	0	-0.38772862
0	1	0.33542079
1	0	-0.34395239
1	0	0.48717226
0	1	0.71981872
1	0	-0.39824164
0	1	1
1	0	-0.55273242
1	0	0.28396943
1	0	0.72063902
0	1	0.02283101
0	1	1
1	0	-0.35666178
0	1	0.89273074
0	1	0.78780051
0	1	0.0783134
1	0	0.92665677
0	1	0.56731768
1	0	0.46750584
0	1	0.1460503
0	1	0.51809729
1	0	0.47749276
1	0	-0.55790699
0	1	0.26611406
1	0	0.16864464
1	0	0.22470193
1	0	0.24537317
0	1	0.99884546
0	1	0.62916061
0	1	0.26093333
1	0	0.13729728
0	1	1
1	0	0.22024494
1	0	-0.71761181
0	1	0.64005933
0	1	0.73815436
1	0	0.42075999
0	1	0.97571426
1	0	0.2465838
0	1	0.72747599
1	0	0.23150881
1	0	-0.22434729
0	1	0.59758966
0	1	0.6102355
0	1	0.34262649
1	0	0.74653888
1	0	-0.37913953
1	0	-0.43766376
1	0	-0.07874684
0	1	0.74182004
1	0	0.30692803
1	0	-0.39290611
0	1	0.96988849
0	1	-0.18602212
1	0	-0.07636723
1	0	-0.58851728
1	0	0.2688933
1	0	0.12355031
1	0	-0.06051077
1	0	-0.53194963
1	0	0.09749546
1	0	0.2537789
0	1	-0.00650671
0	1	0.54946938
0	1	0.7777371
1	0	0.14853707
1	0	-0.1995926
0	1	0.51653915
1	0	-0.07635341
1	0	0.04351529
0	1	0.50935978
1	0	0.01889444
1	0	0.49481769
1	0	0.02742916
0	1	0.65375212
1	0	-0.393468
1	0	-0.01707487
0	1	0.97519144
1	0	0.00767846
0	1	0.96046641
1	0	-0.04196333
1	0	-0.06008565
0	1	0.69706583
0	1	0.93920907
0	1	-0.03384502
0	1	0.57326108
0	1	0.4791913
1	0	-0.3190531
0	1	1
0	1	0.73100793
0	1	0.77469824
1	0	-0.01928011
0	1	0.07411871
0	1	0.79458903
0	1	0.93201501
0	1	0.26914954
1	0	-0.05163578
1	0	0.48393241
1	0	0.50446429
0	1	0.72443363
0	1	0.33170968
0	1	0.71905518
1	0	0.69557921
0	1	1
0	1	0.74532111
1	0	-0.09570415
0	1	0.52362337
0	1	0.78876595
0	1	0.66590731
1	0	0.48868277
0	1	0.99987989
1	0	0.2786601
0	1	0.78571315
1	0	0.48534278
0	1	1
1	0	-0.03869543
0	1	-0.02500386
0	1	0.66006045
1	0	-0.092549
0	1	0.52215543
1	0	0.04514967
0	1	0.49867254
1	0	0.02014289
0	1	0.51140282
1	0	0.76328362
1	0	0.12046272
1	0	0.32850337
0	1	-0.1918717
1	0	-0.81333333
0	1	0.56432604
1	0	-0.2295335
0	1	-0.19259968
0	1	1
1	0	0.24258729
1	0	-0.05289126
1	0	-0.07867427
0	1	0.26323571
1	0	-0.81325198
1	0	-0.09362212
0	1	0.56950908
1	0	0.03787682
1	0	0.48392978
1	0	-0.2632547
0	1	0.77555298
0	1	0.86189488
0	1	0.96998323
0	1	0.74332228
0	1	0.78105107
1	0	-0.25485371
1	0	0.25793159
1	0	-0.32301849
0	1	0.56482767
1	0	0.11750004
1	0	0.03636913
0	1	1
0	1	0.73692383
1	0	-0.1324882
1	0	0.04375295
0	1	0.56608984
0	1	0.65351313
0	1	0.34412771
0	1	0.64345844
1	0	-0.06265464
0	1	0.45356544
0	1	0.43097446
0	1	0.79335161
0	1	0.85382789
0	1	0.88239447
0	1	0.60833554
0	1	0.96230523
1	0	-0.21899945
0	1	0.31540569
1	0	0.25135261
1	0	-0.560156
1	0	-0.56648089
0	1	0.74614675
0	1	0.32355728
0	1	0.72890021
0	1	0.51829306
1	0	0.7019782
0	1	0.07799993
1	0	0.1250976
1	0	0.71976485
0	1	0.17810811
1	0	0.21978554
1	0	0.38949312
0	1	0.5144336
1	0	0.16979751
1	0	-0.05391649
0	1	0.39389914
0	1	0.66185959
1	0	0.16855864
0	1	0.52798795
1	0	-0.24928686
0	1	0.31117302
0	1	0.99908613
0	1	0.7086914
1	0	0.55576299
1	0	-0.06410732
0	1	0.70581071
0	1	0.87996156
0	1	0.60939244
1	0	-0.42929587
1	0	-0.82351202
1	0	-0.01673232
1	0	0.03395503
0	1	0.78765031
1	0	0.70719845
1	0	-0.32829711
1	0	-0.21685749
0	1	0.56108786
0	1	0.77915214
0	1	0.511372
0	1	0.45957018
1	0	-0.44462131
0	1	0.60557647
1	0	-0.02022433
0	1	0.99919302
1	0	0.74218803
0	1	0.55402055
0	1	0.67424264
0	1	0.69805295
0	1	0.99987785
1	0	0.92494281
1	0	0.42478444
1	0	-0.3382447
1	0	0.00222459
0	1	0.72056672
1	0	0.03881245
1	0	0.54407342
1	0	0.75903389
1	0	0.6938382
1	0	-0.33692841
0	1	0.47598826
1	0	0.22080621
1	0	-0.37100421
0	1	0.95833042
0	1	0.69126353
0	1	0.72657394
1	0	-0.24963178
0	1	0.31928361
0	1	0.71929521
0	1	0.77819526
0	1	0.71829468
0	1	0.73229555
1	0	-0.22033384
1	0	-0.7112565
0	1	1
0	1	0.14514069
1	0	0.26075733
0	1	0.68481176
1	0	0.28315821
0	1	0.25900228
0	1	1
0	1	0.75932593
0	1	0.99940218
0	1	0.71135846
1	0	-0.21139542