0	1	-0.21543846
0	1	0.42445128
0	1	1
1	0	0.46472073
0	1	0.07484035
1	0	-0.4465832
1	0	0.66236001
1	0	-0.48526629
0	1	0.90737359
1	0	-0.01593308
0	1	0.66033071
0	1	0.72168496
0	1	0.51929353
0	1	0.73707611
0	1	0.78461823
1	0	-0.50223735
0	1	0.49704404
0	1	0.57528116
1	0	-0.35127709
1	0	0.36956926
0	1	0.99919314
0	1	0.73258063
1	0	0.17483931
1	0	-0.16840558
0	1	0.8038208
0	1	1
1	0	0.40049861
1	0	0.46230595
0	1	0.78129973
1	0	0.17981298
0	1	0.92230988
1	0	-0.16523093
0	1	0.44090052
0	1	0.80575197
1	0	0.05144933
0	1	0.72350819
0	1	0.8394124
0	1	0.95237689
1	0	-0.35477545
0	1	0.82306513
0	1	0.44290086
1	0	-0.3299061
1	0	-0.15759693
0	1	0.49944814
0	1	0.55109292
0	1	0.56997996
0	1	0.80473538
0	1	0.9077502
1	0	0.25866683
1	0	-0.01751424
1	0	0.39979052
1	0	-0.4471757
1	0	0.15723733
0	1	0.56539867
1	0	-0.70453536
0	1	0.24927269
1	0	-0.34881816
1	0	-0.16939911
0	1	0.34676825
0	1	0.49344487
1	0	-0.15608933
1	0	-0.73634754
1	0	0.87249545
1	0	-0.29613941
1	0	-0.52950907
1	0	-0.48658977
1	0	-0.48137925
1	0	0.74131877
0	1	0.49483665
1	0	0.1013205
0	1	1
1	0	0.05281422
1	0	0.41337567
1	0	0.01749505
0	1	-0.16895774
1	0	-0.48710532
0	1	0.54771084
1	0	-0.31070879
0	1	0.87329204
0	1	-0.16839598
0	1	0.99931869
1	0	-0.70425441
1	0	-0.05313775
1	0	-0.29918392
1	0	-0.1422849
1	0	0.34326186
0	1	0.92426375
0	1	0.92245954
1	0	0.24390869
1	0	-0.28698769
0	1	0.87064909
1	0	-0.28069699
1	0	0.8711208
1	0	0.1877416
1	0	0.06250866
1	0	-0.01657662
1	0	0.06177277
1	0	-0.70642075
0	1	0.24940375
0	1	0.86235903
0	1	0.66206403
1	0	-0.1433332
1	0	-0.25284947
0	1	0.49141551
1	0	0.66655934
0	1	0.92519668
1	0	-0.00982918
1	0	-0.70761483
1	0	-0.47467592
1	0	-0.13945336
0	1	0.39103046
0	1	0.90938029
0	1	0.62997463
0	1	0.72490001
0	1	0.95280822
1	0	-0.28362351
1	0	-0.73213318
0	1	0.66365599
0	1	0.98031169
0	1	0.02145567
0	1	0.99829938
1	0	-0.01770006
1	0	0.34462231
1	0	0.66350345
1	0	0.25846396
1	0	0.02405389
0	1	0.30006231
0	1	-0.16720143
1	0	-0.21709125
1	0	-0.01517088
0	1	0.65774044
1	0	0.70668248
0	1	0.99940218
0	1	0.07129371
1	0	0.17416431
1	0	0.66922469
0	1	0.55858443
1	0	-0.48202541
1	0	-0.01823591
0	1	0.81845748
0	1	0.5073235
1	0	-0.06598435
1	0	-0.1543264
1	0	0.1897194
1	0	-0.09140624
0	1	0.24367163
0	1	0.24399617
1	0	0.52580602
0	1	0.82308649
0	1	0.80269164
0	1	0.56472023
1	0	-0.02955524
0	1	0.42954392
0	1	0.97914305
0	1	-0.16754014
0	1	0.44094994
0	1	1
1	0	-0.07249418
1	0	0.17637734
1	0	0.66227619
0	1	0.0628044
1	0	-0.03451782
0	1	0.30290188
1	0	-0.73332168
0	1	0.5946451
0	1	-0.16960507
1	0	-0.28845261
1	0	0.54645171
0	1	1
0	1	0.05677909
0	1	0.44143434
0	1	0.62993544
0	1	0.65990266
1	0	-0.09145745
0	1	0.74634043
1	0	0.06339714
0	1	0.80435833
0	1	1
0	1	0.9081091
1	0	0.42915715
1	0	0.87274541
0	1	0.80773161
1	0	0.17388137
0	1	0.91872263
1	0	0.05711948
1	0	0.1625599
0	1	0.80759312
1	0	0.07552877
1	0	0.31119006
1	0	0.39783744
1	0	0.36963717
0	1	0.57250282
1	0	-0.16332272
1	0	0.41476935
0	1	0.4979393
1	0	0.04044933
1	0	0.50110029
1	0	-0.01123642
1	0	0.11098805
0	1	0.92164927
0	1	0.49036054
1	0	-0.03229312
1	0	0.87049487
1	0	0.438261
0	1	0.91037013
1	0	0.26098171
0	1	0.99884558
0	1	0.99897047
0	1	0.70734665
1	0	0.015166
0	1	0.6626416
0	1	0.24504289
1	0	-0.13643866
0	1	0.02463117
1	0	0.04733767
0	1	0.70781588
0	1	0.35146623
1	0	-0.70408705
1	0	-0.48851161
0	1	0.87045565
0	1	0.62526075
1	0	0.30994785
1	0	-0.16844272
0	1	1
1	0	0.01549444
0	1	-0.16971322
1	0	0.17313404
1	0	-0.2884996
0	1	0.7862168
1	0	0.37129944
1	0	0.50697273
1	0	-0.27109096
1	0	0.66934434
1	0	0.18441105
0	1	0.70714461
0	1	0.35164435
1	0	-0.02185339
0	1	0.0510682
1	0	0.34265546
0	1	0.07381031
0	1	0.8217779
0	1	0.50682276
0	1	0.24949099
0	1	1
0	1	0.69523815
1	0	-0.21875201
1	0	-0.28718336
0	1	0.66454109
0	1	0.62895949
1	0	-0.73153753
0	1	0.57379689
1	0	0.253882
1	0	-0.23017848
0	1	0.50827843
0	1	0.79742656
1	0	-0.01320013
0	1	0.99908613
1	0	0.06109604
1	0	0.42285886
0	1	0.92432946
0	1	1
1	0	0.01216012
0	1	0.60360274
0	1	0.80570405
0	1	-0.16687134
0	1	0.70620152
0	1	0.70169761
1	0	0.24336355
0	1	0.57227709
0	1	0.78676726
0	1	0.51595809
1	0	-0.11152613
0	1	0.95165541
0	1	0.44177892
1	0	-0.09300489
0	1	0.80353227
1	0	-0.4834126
1	0	0.15958228
0	1	0.07952936
0	1	0.64024183
1	0	0.05849867
0	1	0.66008739
0	1	0.70046281
0	1	0.44069775
0	1	0.44209397
0	1	0.02134926
0	1	0.06422155
1	0	0.25450749
1	0	-0.06731212
1	0	0.52992644
1	0	0.03178329
0	1	0.78726636
0	1	0.49651872
0	1	0.70744065
1	0	0.04827806
0	1	0.04944056
1	0	0.36627541
1	0	0.36944508
0	1	0.30700916
0	1	0.90410991
0	1	0.59653778
0	1	0.92366978
1	0	0.6620457
0	1	0.98028083
0	1	0.06322256
0	1	0.99778655
0	1	0.05999998
0	1	0.96548207
0	1	0.30526581
1	0	-0.00798493
1	0	0.02281515
1	0	0.30987562
0	1	0.07697836
1	0	-0.44406289
0	1	0.49354543
0	1	0.92195201
0	1	0.83710015
1	0	-0.0519771
1	0	0.70867616
1	0	-0.47989644
1	0	0.44066598
0	1	0.50856787
1	0	0.1045491
0	1	0.64217455
0	1	0.57325938
1	0	0.24435108
0	1	0.06055022
0	1	0.43670095
1	0	0.43434813
1	0	-0.1755351
1	0	-0.47885165
0	1	0.78800255
0	1	0.75820674
1	0	0.3589051
1	0	0.67347912
0	1	0.82716277
0	1	0.80557586
1	0	0.34264782
1	0	-0.70467846
1	0	0.18145577
0	1	0.02313469
1	0	0.70588483
0	1	0.80782699
1	0	0.51540281
1	0	-0.28663152
1	0	-0.51939036
1	0	0.1031004
0	1	0.70145269
0	1	1
0	1	0.98015617
0	1	0.0258587
1	0	0.17546869
1	0	0.17399716
0	1	0.72606211
1	0	0.43391886
0	1	0.90704365
0	1	0.96068501
1	0	0.50518684
0	1	0.80718038
0	1	0.78534304
0	1	0.7326684
1	0	-0.15217264
1	0	-0.13580425
1	0	-0.21489317
0	1	0.80682634
1	0	0.31152824
1	0	-0.16460539
0	1	0.59537735
1	0	-0.16215452
1	0	-0.07972068
0	1	0.62774022
1	0	0.10818867
0	1	0.91343475
0	1	0.44082696
0	1	0.75976927
1	0	-0.29965635
0	1	0.83574067
1	0	0.00993201
0	1	0.59484535
1	0	0.44023019
0	1	0.78440842
0	1	0.35332048
0	1	0.59663002
0	1	0.563404
0	1	0.6301546
0	1	0.78399032
1	0	-0.44990111
1	0	-0.29568393
0	1	1
1	0	0.07751551
0	1	0.56147353
0	1	0.80558189
1	0	0.25812394
1	0	0.53085223
1	0	0.07502126
0	1	-0.16940937
1	0	0.704324
0	1	0.87401007
0	1	0.99987989
1	0	-0.75989598
1	0	-0.29169144
1	0	-0.52507963
0	1	0.48772553
1	0	0.24372205
1	0	0.07778131
1	0	-0.02676874
1	0	0.0652978
0	1	0.06129774
0	1	0.73191916
0	1	0.49839972
0	1	0.51817419
0	1	0.70055365
1	0	0.03858257
0	1	0.39505085
0	1	0.76032793
1	0	-0.09127575
0	1	0.80358262
1	0	-0.16685435
1	0	-0.33109282
1	0	0.17549139
0	1	0.69840048
0	1	0.61812155
1	0	-0.26382198
1	0	0.05679574
0	1	0.80851298
1	0	-0.29527243
1	0	-0.157249
0	1	0.8260832
1	0	0.243804
1	0	-0.01715897
0	1	0.99987785
1	0	0.0296386
1	0	0.17301889
0	1	0.99778135
0	1	0.78846655
1	0	-0.51386632
1	0	-0.06614165
0	1	0.91082048
1	0	-0.28719212
1	0	0.66474485
1	0	0.27625076
0	1	0.82278787
1	0	0.07596521
1	0	0.17168989
1	0	-0.09052991
0	1	0.90895384
0	1	0.87376725
0	1	0.70507053
0	1	0.44241041
1	0	0.02624527
0	1	0.80493166
1	0	0.17475841
0	1	0.80547989
0	1	0.50388345
1	0	0.4278916
1	0	0.43397454
1	0	-0.44701696
0	1	-0.17007181
0	1	0.9518057
1	0	-0.06373005
1	0	-0.21330978
0	1	0.72463956
1	0	0.05780456
1	0	-0.06114126
1	0	-0.43224645
0	1	0.9800955
0	1	0.92186538
1	0	-0.51950129
1	0	-0.04277259
0	1	0.35172897
0	1	0.34726288
0	1	0.33084383
1	0	0.34329527
1	0	0.03042054
0	1	-0.16717713
0	1	0.50618325
1	0	0.18613965
1	0	-0.02969955
1	0	0.16780707
0	1	0.44301637
1	0	0.41413244
0	1	0.83608396
1	0	-0.21739324
0	1	0.24196184
1	0	0.18418643
0	1	1
0	1	0.24856811
0	1	1
0	1	0.70991343
0	1	0.82223854
0	1	0.2455503
0	1	0.72651161
1	0	-0.15456047
0	1	0.78840697
1	0	-0.2922016
1	0	0.50404822
0	1	0.99831812
0	1	0.78560956
1	0	-0.72953323
1	0	0.41447934
1	0	-0.27578124
1	0	0.44537638
0	1	0.72695105
0	1	1
0	1	0.81726886
1	0	-0.3585647
1	0	-0.02199495
0	1	0.44040231
1	0	0.25785569
1	0	0.11483509
0	1	0.73680818
0	1	0.70353369
0	1	0.80745691
1	0	0.02572955
0	1	0.80453793
0	1	0.71305121
1	0	0.02762011
0	1	0.9984654
1	0	0.41294396
0	1	0.05982085
0	1	0.2481662
0	1	0.75938037
0	1	0.66573071
1	0	-0.28341633
1	0	0.50756316
1	0	0.06419608
1	0	-0.1562562
1	0	0.70719464
0	1	0.99821179
1	0	0.06704518
1	0	-0.32730591
0	1	0.80435533
0	1	0.55878088
1	0	0.39790289
1	0	-0.56259968
0	1	0.80489833
1	0	0.75277761
0	1	0.30038499
0	1	0.81983274
0	1	0.80851915
0	1	0.65989934
1	0	0.06670644
1	0	0.5261584
0	1	0.83879878
1	0	0.05946923
0	1	0.80357207
1	0	-0.32741114
1	0	0.52301232
1	0	0.20617126
1	0	0.30831761
0	1	0.43229762
0	1	0.68504834
0	1	0.99878483
1	0	0.3971608
1	0	-0.21839374
0	1	0.91267268
1	0	0.01494784
0	1	0.75798544
1	0	0.0611066
1	0	0.10501668
1	0	-0.32852341
1	0	-0.34171849
0	1	0.72958438
1	0	0.6632074
1	0	-0.28694371
1	0	0.03494571
0	1	0.95233854
0	1	0.1558977
1	0	0.87162413
1	0	0.04202278
0	1	0.80631629
0	1	0.8072756
1	0	-0.3542748
1	0	-0.06759208
1	0	0.03412442