1	0	0.76824222
0	1	1
0	1	0.96506259
0	1	0.62630889
0	1	0.63863647
1	0	-0.00373941
0	1	0.32153837
1	0	0.49434596
1	0	-0.11508163
0	1	0.10975671
1	0	-0.36231943
1	0	0.50523139
0	1	0.51264351
1	0	-0.27649688
0	1	0.72658007
0	1	0.83441304
1	0	-0.28007036
1	0	-0.75684414
1	0	0.50460957
1	0	-0.26577071
1	0	0.69290089
0	1	0.62852198
0	1	0.13279203
1	0	0.09043018
0	1	0.832698
0	1	0.6123163
1	0	0.0434521
0	1	0.14658269
0	1	0.74926935
1	0	-0.057189
1	0	0.17233523
1	0	-0.08931294
1	0	0.72504114
1	0	0.04096366
0	1	0.75091112
1	0	-0.3797496
0	1	0.61257399
1	0	0.73329792
0	1	0.80941518
0	1	-0.18364476
0	1	0.44855147
0	1	0.6971072
0	1	0.3325759
1	0	-0.27093662
1	0	0.26692772
1	0	-0.37517622
1	0	-0.317131
1	0	-0.0599282
1	0	-0.72928923
0	1	0.56436664
1	0	-0.0930709
1	0	-0.07868905
1	0	-0.45998896
0	1	0.5997832
1	0	-0.19182783
1	0	-0.01319949
1	0	-0.2821845
0	1	0.72753476
0	1	0.43728073
0	1	0.77140382
1	0	-0.00713594
1	0	0.3480044
1	0	0.46923425
0	1	0.97368484
1	0	-0.12352707
0	1	0.90910328
1	0	0.05587816
1	0	-0.3321076
1	0	0.17914912
0	1	1
0	1	0.87224085
1	0	-0.72698488
0	1	0.3513524
0	1	0.57453164
0	1	-0.0646954
0	1	0.74410434
1	0	0.24519595
1	0	0.21281497
1	0	-0.41013364
1	0	-0.11692474
0	1	1
0	1	0.59906994
1	0	0.22218591
0	1	0.82713064
0	1	0.44308843
0	1	0.14667966
1	0	0.73245666
1	0	-0.2709408
0	1	0.45191572
0	1	0.14228701
1	0	0.78552117
1	0	-0.57271123
0	1	0.96390271
0	1	0.77188083
1	0	0.9285667
1	0	-0.00966819
0	1	0.93328753
1	0	0.10063106
0	1	0.63470212
1	0	0.5060205
0	1	0.14506331
1	0	0.16838656
0	1	0.92643043
0	1	0.805797
0	1	0.78629636
1	0	0.00775128
1	0	0.50283153
0	1	0.69949179
1	0	0.92988317
1	0	0.01356461
1	0	0.49937401
1	0	0.2226395
0	1	-0.10696077
0	1	0.69471728
0	1	0.5635398
1	0	0.04612663
1	0	0.0411297
0	1	0.76698579
1	0	0.49169937
1	0	0.17465624
1	0	0.4968627
0	1	0.97058826
1	0	0.92678304
1	0	-0.3663938
0	1	0.76560498
0	1	0.74734299
0	1	0.27508454
1	0	-0.0146602
1	0	-0.3320033
0	1	0.56274268
1	0	-0.1790944
1	0	0.33486651
0	1	0.86340965
0	1	0.34713896
0	1	0.13448474
1	0	0.7770073
0	1	0.77927916
1	0	-0.03718851
1	0	-0.32499074
0	1	1
1	0	-0.27070756
0	1	0.57984658
1	0	0.57129526
0	1	-0.18372126
1	0	-0.17086112
1	0	0.34436471
0	1	0.60729002
0	1	0.56224248
0	1	0.96579205
0	1	0.59888921
0	1	0.97043559
1	0	-0.27278863
0	1	0.87042532
1	0	0.26360872
1	0	-0.07550365
0	1	0.80971305
0	1	0.35074499
0	1	0.73595104
0	1	-0.18580996
1	0	-0.30837652
0	1	0.51453381
0	1	0.68298738
1	0	-0.0159889
1	0	0.24015009
1	0	-0.40851988
0	1	0.75577659
1	0	-0.11804835
1	0	0.69460484
0	1	0.99908607
1	0	-0.26681269
0	1	0.61468642
1	0	0.00894118
0	1	0.75086821
1	0	-0.0075091
1	0	0.04076728
1	0	-0.28595938
0	1	0.71163267
0	1	0.75302343
1	0	0.07952039
0	1	0.97038026
1	0	0.26831871
1	0	-0.02963578
0	1	-0.05745498
1	0	-0.22236055
0	1	0.75285837
1	0	0.21149522
0	1	0.58515747
1	0	0.71952744
0	1	0.61049039
0	1	0.73652143
1	0	0.00758397
0	1	0.97409175
1	0	0.1116767
1	0	-0.22119145
0	1	0.73969635
1	0	-0.22619976
1	0	0.0014863
1	0	0.51403139
0	1	0.14574815
1	0	0.18752907
1	0	0.11729193
0	1	0.73114521
0	1	0.73113062
1	0	-0.29707426
0	1	0.60168999
1	0	0.50997229
0	1	0.99778655
0	1	0.73154576
1	0	0.72800035
0	1	1
1	0	-0.34087624
1	0	0.50013856
1	0	0.51703728
0	1	0.79383777
0	1	0.52477564
1	0	-0.08512085
0	1	0.08152506
0	1	0.32447633
1	0	0.58826436
1	0	-0.18824277
0	1	0.73886016
1	0	-0.4519897
0	1	0.74811577
1	0	0.4442128
0	1	0.69483982
1	0	0.23316379
1	0	0.69376597
1	0	0.15913065
0	1	0.60354069
0	1	0.44463552
0	1	0.5628284
0	1	0.57561447
1	0	0.01649144
1	0	0.20227322
1	0	-0.12553175
1	0	0.15775588
1	0	-0.07117855
1	0	0.21426289
0	1	0.08922045
1	0	-0.07895533
1	0	0.00854323
1	0	0.15317188
1	0	-0.27828309
1	0	0.03054163
0	1	0.68505722
0	1	0.99987785
0	1	0.63986562
0	1	0.56725208
1	0	0.729841
0	1	0.73730673
0	1	0.97297449
1	0	-0.19406016
0	1	0.99829938
0	1	0.56355962
0	1	-0.07547863
0	1	0.28337433
0	1	0.74446745
0	1	0.73724096
0	1	-0.0948475
0	1	0.99931869
0	1	0.9682838
1	0	-0.46906613
0	1	1
0	1	0.55069526
1	0	0.27081945
0	1	0.99987989
0	1	0.70328225
0	1	0.44721335
1	0	0.0732057
1	0	-0.44146222
0	1	0.75819007
0	1	0.50896705
1	0	-0.18519065
0	1	0.51392369
1	0	-0.57013106
0	1	0.60866342
1	0	-0.22561987
0	1	0.78413548
0	1	0.58374831
1	0	0.3380733
0	1	0.57271327
0	1	-0.1858876
0	1	0.82056525
1	0	0.23354884
1	0	0.71223947
0	1	-0.18259214
1	0	0.25477024
1	0	0.35073015
1	0	0.77223111
0	1	0.78552764
1	0	0.16874657
1	0	-0.80853783
1	0	0.09870988
0	1	0.74572599
1	0	0.18472527
1	0	0.21636968
1	0	0.69453896
0	1	0.96885185
0	1	0.32357373
1	0	0.00634399
0	1	0.84351538
0	1	0.77944574
0	1	0.80691178
0	1	0.59999099
0	1	0.84098417
0	1	-0.18291529
0	1	0.97396391
1	0	-0.40446295
0	1	0.6070703
0	1	0.6053235
1	0	0.01957813
1	0	0.50096202
0	1	0.79338067
1	0	0.49670527
0	1	0.08272731
1	0	-0.44749522
1	0	0.18521443
0	1	0.2794049
0	1	0.32107806
1	0	0.01656004
0	1	0.57729837
1	0	0.03679124
0	1	0.97124607
0	1	0.7853027
0	1	0.80595393
1	0	0.41372609
1	0	-0.48164257
0	1	0.77987808
1	0	-0.32033896
0	1	0.44127607
0	1	0.96550941
0	1	1
1	0	-0.10989321
0	1	0.14485554
0	1	0.13748109
0	1	0.96336924
1	0	0.1986585
1	0	0.58017814
0	1	-0.1709196
1	0	0.26710664
1	0	0.52655028
1	0	0.92825964
1	0	0.66166023
0	1	-0.1831566
1	0	0.20913888
0	1	0.61060076
0	1	0.75985803
0	1	0.08019048
1	0	0.26454655
0	1	0.62749601
0	1	0.51515893
0	1	0.36140801
0	1	0.25302098
1	0	-0.35693512
0	1	-0.18163927
1	0	0.92880685
0	1	0.60106289
1	0	-0.72693179
1	0	-0.05729311
0	1	0.85961276
1	0	-0.81278972
1	0	-0.31314945
1	0	0.12551581
1	0	0.17711629
0	1	0.79669075
1	0	0.22974073
1	0	0.17671495
0	1	0.31706338
0	1	0.99878483
1	0	0.45894603
0	1	0.96742393
1	0	-0.16703975
1	0	0.26180151
0	1	0.0864857
0	1	-0.18703334
0	1	1
1	0	-0.56778788
0	1	0.73888951
1	0	-0.10349783
1	0	0.47267591
1	0	-0.08908111
1	0	0.78214846
1	0	-0.03789085
1	0	0.46775497
1	0	-0.0692687
0	1	0.61094324
1	0	-0.1232274
1	0	-0.40166136
0	1	0.81718885
1	0	0.0382154
0	1	0.6861427
1	0	0.25652792
0	1	0.45706281
0	1	0.57276145
1	0	0.51913579
1	0	0.71780897
1	0	-0.80059093
1	0	0.18158697
0	1	0.28241046
0	1	0.44999638
1	0	-0.26235293
0	1	0.14834218
0	1	1
1	0	0.72733817
1	0	0.15439028
1	0	-0.06896419
1	0	-0.36104331
0	1	0.99884552
0	1	0.54775454
1	0	-0.46814658
0	1	0.9984654
1	0	0.50127245
1	0	-0.06016369
1	0	-0.01164606
1	0	0.58860515
0	1	0.74559099
0	1	0.46215569
1	0	-0.01750284
0	1	0.6851833
0	1	0.2734341
0	1	0.61817453
1	0	0.16178843
0	1	1
0	1	0.59968896
0	1	0.70998546
1	0	-0.03691905
1	0	0.26925448
1	0	-0.72496826
1	0	0.27169612
0	1	0.74122565
0	1	0.9191532
1	0	0.17861135
0	1	0.97132377
0	1	0.61893224
1	0	-0.56940981
0	1	0.07983095
1	0	0.71500407
0	1	1
0	1	0.77862345
0	1	0.56825922
1	0	0.41160515
0	1	0.51270899
0	1	0.83801547
1	0	-0.42595423
1	0	-0.08984148
1	0	-0.08436814
0	1	0.76884409
1	0	-0.02402793
0	1	0.44085463
0	1	0.53829963
0	1	0.67635677
1	0	0.48375049
0	1	0.92699075
1	0	-0.09828722
0	1	0.99940218
1	0	-0.04026339
1	0	-0.80435452
1	0	0.20819327
1	0	0.15290896
1	0	-0.01494737
1	0	-0.45558353
1	0	0.47881312
1	0	-0.19110863
1	0	0.15769168
0	1	0.80230171
0	1	0.9321211
1	0	-0.36601568
1	0	0.01817023
1	0	0.04124919
0	1	0.51103788
0	1	0.69632945
0	1	0.75029041
1	0	-0.22276643
0	1	0.87520007
1	0	0.22788677
0	1	0.63249458
0	1	0.5106438
1	0	0.39332321
0	1	0.68768899
0	1	0.43848356
0	1	0.78048062
1	0	-0.30393253
0	1	0.80145219
0	1	0.99919314
1	0	-0.80847184
1	0	-0.02518097
1	0	0.01259208
0	1	0.80142071
0	1	0.35425354
0	1	0.74838529
1	0	-0.05556711
0	1	0.80184679
1	0	-0.46208578
0	1	0.96493318
1	0	-0.01639539
1	0	-0.35226193
0	1	0.51717212
0	1	1
1	0	0.1756991
1	0	0.48925416
0	1	0.60677952
0	1	0.47897773
1	0	-0.49597085
0	1	1
1	0	-0.72699335
0	1	0.51547814
0	1	0.60719906
0	1	1
0	1	0.75119645
0	1	0.45662284
1	0	-0.18865091
0	1	0.69514141
0	1	0.96662626
0	1	0.92864388
0	1	0.60445865
1	0	0.23503052
0	1	-0.1821085
0	1	0.4712505
1	0	0.17831161
1	0	0.6937349
0	1	0.44359889
1	0	0.27241721
0	1	0.78826967
0	1	0.73142231
0	1	0.99897041
0	1	0.51482582
1	0	0.52633117
0	1	0.79256298
1	0	0.18752668
0	1	0.9738543
1	0	-0.40546682
1	0	-0.00968241
1	0	-0.45239314
1	0	-0.34486308
1	0	0.24234857
1	0	-0.11157282
1	0	-0.07052195
1	0	0.57638367
0	1	0.59719065
1	0	-0.03821142
0	1	0.5141825
0	1	0.44874641
1	0	0.5045112
0	1	0.75529678
0	1	0.70039493
1	0	-0.57386373