0	1	-0.20201288
1	0	0.78459966
0	1	-0.24175014
1	0	0.43865651
0	1	0.96176851
1	0	0.02184046
0	1	1
1	0	0.91256529
0	1	-0.04052141
1	0	0.09437136
0	1	-0.31597474
1	0	-0.13780017
0	1	0.71026146
1	0	0.56469882
0	1	0.74184865
1	0	-0.69450921
0	1	-0.10023913
1	0	0.08522435
0	1	0.76673275
1	0	0.5848158
0	1	-0.41769168
1	0	-0.60267425
0	1	-0.10023913
1	0	0.97039455
0	1	0.75069714
1	0	0.45490012
0	1	0.63711673
1	0	-0.25120306
0	1	0.92808539
1	0	-0.38913047
0	1	1
1	0	0.7489332
0	1	0.94427246
1	0	-0.39276907
0	1	0.97749865
1	0	0.46922046
0	1	0.71684283
1	0	-0.61376125
0	1	0.98393863
1	0	-0.32758641
0	1	0.75294435
1	0	0.65491772
0	1	0.80276364
1	0	-0.33052951
0	1	0.6926564
1	0	0.55191845
0	1	0.51181042
1	0	0.17382173
0	1	0.79658276
1	0	0.45394656
0	1	1
1	0	0.57046777
0	1	0.08610592
1	0	0.50856268
0	1	0.99999994
1	0	-0.23109981
0	1	0.41067457
1	0	0.26554316
0	1	0.1833708
1	0	0.4363167
0	1	0.83299601
1	0	-0.13945852
0	1	0.48181793
1	0	0.1425181
0	1	0.25456491
1	0	0.49367183
0	1	0.61835861
1	0	0.0734352
0	1	0.5082621
1	0	0.81842649
0	1	0.0143131
1	0	-0.29810145
0	1	0.75069714
1	0	0.09041957
0	1	0.64919233
1	0	0.23734497
0	1	0.77283275
1	0	0.70004678
0	1	0.58876735
1	0	-0.1559568
0	1	0.09079994
1	0	0.06528365
0	1	0.46866
1	0	-0.25224641
0	1	1
1	0	0.25059828
0	1	-0.20201288
1	0	-0.12881619
0	1	-0.09873695
1	0	-0.04970112
0	1	-0.03516914
1	0	-0.24591775
0	1	-0.39816511
1	0	0.77513796
0	1	0.80662781
1	0	-0.56997836
0	1	0.55316949
1	0	0.90431517
0	1	-0.39816511
1	0	-0.01955879
0	1	-0.26687771
1	0	0.82110924
0	1	-0.24933353
1	0	0.21665631
0	1	0.95398426
1	0	-0.15616687
0	1	0.99999994
1	0	0.89553976
0	1	-0.04276831
1	0	0.07001966
0	1	-0.21174218
1	0	-0.14017747
0	1	0.68288898
1	0	0.52331519
0	1	0.74980819
1	0	-0.68101221
0	1	-0.09260433
1	0	0.14187314
0	1	0.76338148
1	0	0.4941054
0	1	-0.39111117
1	0	-0.5870961
0	1	-0.09260433
1	0	0.97092277
0	1	0.72542542
1	0	0.45012128
0	1	0.63071591
1	0	-0.2230047
0	1	0.94310141
1	0	-0.57223296
0	1	0.99999988
1	0	0.71056402
0	1	0.93735725
1	0	-0.48885703
0	1	0.97413993
1	0	0.42046571
0	1	0.69057691
1	0	-0.60918099
0	1	0.9851377
1	0	-0.30962107
0	1	0.75042313
1	0	0.60088807
0	1	0.80249089
1	0	-0.293603
0	1	0.61759382
1	0	0.59086037
0	1	0.47961399
1	0	0.14306194
0	1	0.80986154
1	0	0.51472449
0	1	1
1	0	0.52906078
0	1	0.08579928
1	0	0.45303297
0	1	0.99999994
1	0	-0.40740004
0	1	0.37732199
1	0	0.30519381
0	1	0.23071405
1	0	0.35631195
0	1	0.8278994
1	0	-0.25129184
0	1	0.51810908
1	0	0.15880492
0	1	0.30479559
1	0	0.51169884
0	1	0.65132236
1	0	0.02138352
0	1	0.5322634
1	0	0.80464882
0	1	0.03359488
1	0	-0.27875915
0	1	0.72542542
1	0	-0.11482868
0	1	0.63171011
1	0	0.18697955
0	1	0.72948819
1	0	0.68106014
0	1	0.56813711
1	0	-0.21556424
0	1	-0.0437808
1	0	0.07814562
0	1	0.4301613
1	0	-0.28264564
0	1	1
1	0	0.20089182
0	1	-0.26687771
1	0	-0.12189178
0	1	0.00758898
1	0	-0.152732
0	1	-0.09327381
1	0	-0.26514786
0	1	-0.36473957
1	0	0.75297594
0	1	0.75179833
1	0	-0.59283572
0	1	0.5936808
1	0	0.87873328
0	1	-0.36473957
1	0	-0.17901933
0	1	-0.2810998
1	0	0.838337
0	1	-0.24728782
1	0	0.03187703
0	1	0.94508642
1	0	-0.26655281
0	1	0.99999994
1	0	0.88002467
0	1	0.0298958
1	0	0.04512845
0	1	-0.08878908
1	0	-0.07503432
0	1	0.65744787
1	0	0.49389943
0	1	0.75515711
1	0	-0.64132166
0	1	-0.07997324
1	0	0.22093864
0	1	0.74985677
1	0	0.39663324
0	1	-0.36014232
1	0	-0.54457378
0	1	-0.07997324
1	0	0.97080505
0	1	0.68850845
1	0	0.46180466
0	1	0.63348413
1	0	-0.16523325
0	1	0.95338827
1	0	-0.65705031
0	1	0.99999994
1	0	0.69520032
0	1	0.93141013
1	0	-0.49912253
0	1	0.97311687
1	0	0.38717833
0	1	0.66038209
1	0	-0.60921592
0	1	0.98465312
1	0	-0.28494844
0	1	0.74960178
1	0	0.55097431
0	1	0.80271316
1	0	-0.26718113
0	1	0.5336411
1	0	0.62040234
0	1	0.45848161
1	0	0.13554108
0	1	0.81791544
1	0	0.55799913
0	1	1
1	0	0.48812187
0	1	0.12238775
1	0	0.40538898
0	1	1
1	0	-0.50693923
0	1	0.40291545
1	0	0.34293193
0	1	0.26349795
1	0	0.30637953
0	1	0.81745231
1	0	-0.30611885
0	1	0.56364483
1	0	0.1697277
0	1	0.35546586
1	0	0.51857829
0	1	0.6855225
1	0	0.01029213
0	1	0.54712635
1	0	0.78641307
0	1	0.09044824
1	0	-0.23741379
0	1	0.68850845
1	0	-0.26082253
0	1	0.61525667
1	0	0.13949211
0	1	0.68830675
1	0	0.65510339
0	1	0.5571776
1	0	-0.24824135
0	1	-0.10799253
1	0	0.08356453
0	1	0.43401676
1	0	-0.29238829
0	1	1
1	0	0.17637853
0	1	-0.2810998
1	0	-0.11279587
0	1	0.11093629
1	0	-0.21413854
0	1	-0.09030104
1	0	-0.26956216
0	1	-0.28949007
1	0	0.72541028
0	1	0.70507538
1	0	-0.57570875
0	1	0.61132878
1	0	0.84549344
0	1	-0.28949007
1	0	-0.23874202
0	1	-0.25785697
1	0	0.84261107
0	1	-0.24586868
1	0	-0.11203136
0	1	0.93439388
1	0	-0.33979398
0	1	1
1	0	0.86450851
0	1	0.13888349
1	0	0.02169738
0	1	0.02695909
1	0	0.00152313
0	1	0.62756443
1	0	0.47408211
0	1	0.75727296
1	0	-0.59512395
0	1	-0.06860985
1	0	0.29738277
0	1	0.72853231
1	0	0.30136088
0	1	-0.32889155
1	0	-0.50017589
0	1	-0.06860985
1	0	0.97001302
0	1	0.64515418
1	0	0.47218141
0	1	0.63533717
1	0	-0.09998036
0	1	0.96100628
1	0	-0.69064319
0	1	1
1	0	0.69440514
0	1	0.92587394
1	0	-0.4690989
0	1	0.97308105
1	0	0.35092518
0	1	0.62802643
1	0	-0.61162734
0	1	0.98305392
1	0	-0.26493391
0	1	0.74648714
1	0	0.49976021
0	1	0.80162472
1	0	-0.25693259
0	1	0.44934875
1	0	0.64332956
0	1	0.4363437
1	0	0.13213074
0	1	0.82168442
1	0	0.58558249
0	1	1
1	0	0.44825837
0	1	0.17463715
1	0	0.36814728
0	1	1
1	0	-0.5655635
0	1	0.44061857
1	0	0.36933506
0	1	0.29333097
1	0	0.26928094
0	1	0.80444318
1	0	-0.33665165
0	1	0.60372245
1	0	0.17674193
0	1	0.39644539
1	0	0.50994575
0	1	0.72045994
1	0	0.01195727
0	1	0.55245531
1	0	0.76165485
0	1	0.15176749
1	0	-0.19685496
0	1	0.64515418
1	0	-0.36896271
0	1	0.59538054
1	0	0.09635444
0	1	0.64656699
1	0	0.62610334
0	1	0.54697263
1	0	-0.2658444
0	1	-0.14214131
1	0	0.08462434
0	1	0.45335791
1	0	-0.29858515
0	1	1
1	0	0.16561347
0	1	-0.25785697
1	0	-0.10782509
0	1	0.19725427
1	0	-0.24424694
0	1	-0.06380048
1	0	-0.27144444
0	1	-0.20565204
1	0	0.69856781
0	1	0.66298378
1	0	-0.55333185
0	1	0.61406195
1	0	0.80272937
0	1	-0.20565204
1	0	-0.25244531
0	1	-0.20922814
1	0	0.83871216
0	1	-0.2459942
1	0	-0.21338694
0	1	0.92214537
1	0	-0.38591737
0	1	1
1	0	0.84917426
0	1	0.25288945
1	0	0.00109762
0	1	0.12560661
1	0	0.08133298
0	1	0.59645134
1	0	0.46137965
0	1	0.75764245
1	0	-0.54550219
0	1	-0.05730787
1	0	0.36077338
0	1	0.70204687
1	0	0.21842898
0	1	-0.30313942
1	0	-0.45960873
0	1	-0.05730787
1	0	0.96861351
0	1	0.60106087
1	0	0.47940069
0	1	0.63586408
1	0	-0.03157156
0	1	0.96642756
1	0	-0.69620013
0	1	1
1	0	0.70487618
0	1	0.92167521
1	0	-0.42274618
0	1	0.97338933
1	0	0.31053683
0	1	0.5949201
1	0	-0.60150594
0	1	0.98076564
1	0	-0.2485539
0	1	0.74305528
1	0	0.45014396
0	1	0.80055493
1	0	-0.25808519
0	1	0.37585449
1	0	0.66182482
0	1	0.41439444
1	0	0.12727097
0	1	0.82320297
1	0	0.60258973
0	1	0.99999994
1	0	0.40967205
0	1	0.23398346
1	0	0.33881813
0	1	1
1	0	-0.59526271
0	1	0.48254606
1	0	0.38716155
0	1	0.32081997
1	0	0.24287
0	1	0.79082251
1	0	-0.34455547
0	1	0.63612592
1	0	0.18378881
0	1	0.42897075
1	0	0.48803923
0	1	0.75508004
1	0	0.01810255
0	1	0.54961938
1	0	0.73170573
0	1	0.20792727
1	0	-0.15948288
0	1	0.60106087
1	0	-0.44639042
0	1	0.57653922
1	0	0.05703234
0	1	0.60628366
1	0	0.59549141
0	1	0.53853565
1	0	-0.27067977
0	1	-0.15233618
1	0	0.08337823
0	1	0.48002666
1	0	-0.30541259
0	1	1
1	0	0.15804785
0	1	-0.20922814
1	0	-0.10571675
0	1	0.26919082
1	0	-0.24875405
0	1	-0.02065538
1	0	-0.27460051
0	1	-0.12297168
1	0	0.67352784
0	1	0.62484384
1	0	-0.5315845
0	1	0.60708439
1	0	0.75012106
0	1	-0.12297168
1	0	-0.23988239
1	0	-0.03253509
0	1	0.57077628
1	0	0.43024018
0	1	0.70169193
1	0	0.52396899
0	1	0.06335653
1	0	0.03806829
0	1	0.78864396
1	0	-0.4765352
1	0	-0.01380564
0	1	0.37314165
1	0	-0.20557496
0	1	0.9763419
1	0	-0.12310392
0	1	0.73777366
1	0	0.23085868
0	1	0.80063963
1	0	-0.37839058
0	1	0.31632656
1	0	0.7255137
0	1	0.37211078
1	0	0.02215557
0	1	0.8064422
1	0	0.61213911
0	1	1
1	0	0.14422174
0	1	0.58634812
1	0	0.27719268
0	1	1
1	0	-0.65900898
0	1	0.71273172
1	0	0.44687712
0	1	0.3929143
1	0	0.19366132
0	1	0.73855144
1	0	-0.27941403
0	1	-0.03704831
1	0	0.52006137
0	1	0.53298366
1	0	-0.08553471
0	1	-0.06902447
1	0	-0.25149104
0	1	-0.03704831
1	0	0.92212516
0	1	0.46504077
1	0	0.47604328
0	1	0.69642353
1	0	0.4217594
0	1	0.97878033
1	0	-0.44577888
0	1	1
1	0	0.85638487
0	1	0.91042632
1	0	-0.04421159
0	1	0.97329432
1	0	-0.39051247
0	1	0.34029129
1	0	0.72662777
0	1	0.37785858
1	0	0.0095335
0	1	0.80364168
1	0	0.60909939
0	1	1
1	0	0.11730208
0	1	0.60637593
1	0	0.27403554
0	1	1
1	0	-0.67051405
0	1	0.72561061
1	0	0.45916498
0	1	0.39528394
1	0	0.19038323
0	1	0.73893458
1	0	-0.16782074
0	1	0.69798517
1	0	0.29575056
0	1	0.62952852
1	0	0.2263207
0	1	0.9383204
1	0	0.01417502
0	1	0.44974875
1	0	0.32963306
0	1	0.49850845
1	0	0.01960127
0	1	0.46504077
1	0	-0.67864555
0	1	0.62705344
1	0	-0.17170753
0	1	0.43159819
1	0	0.29467589
0	1	0.60371727
1	0	-0.15212132
0	1	0.15751992
1	0	0.14991224
0	1	0.73821032
1	0	-0.40544778
0	1	1
1	0	0.0547621
0	1	0.39374325
1	0	-0.06193377
0	1	0.62585562
1	0	-0.04536019
0	1	0.41234979
1	0	-0.3281948
0	1	0.36139742
1	0	0.51358527
0	1	0.29081902
1	0	-0.24571139
0	1	0.44284779
1	0	0.1210361
0	1	0.36139742
1	0	-0.11695997
0	1	0.43211159
1	0	0.75928813
0	1	-0.26808769
1	0	-0.4589448
0	1	0.81024158
1	0	-0.51420927
0	1	1
1	0	0.77618444
0	1	0.81735903
1	0	-0.09648696
0	1	0.47959769
1	0	0.54055238
0	1	0.49056786
1	0	0.378263
0	1	0.75289452
1	0	-0.26149958
0	1	-0.04899953
1	0	0.51803207
0	1	0.53499353
1	0	-0.0914699
0	1	-0.04105202
1	0	-0.2391153
0	1	-0.04899953
1	0	0.91284311
0	1	0.47478366
1	0	0.47015107
0	1	0.70904958
1	0	0.44511199
0	1	0.97908735
1	0	-0.42604849
0	1	1
1	0	0.86684084
0	1	0.90903127
1	0	-0.0267418
0	1	0.97310722
1	0	-0.04205306
0	1	0.32556182
1	0	-0.14901575
0	1	0.97741789
1	0	-0.07692614
0	1	0.72730577
1	0	0.21194719
0	1	0.79765457
1	0	-0.40220243
0	1	0.36666968
1	0	0.72595662