0	1	-0.04824118
0	1	0.00596799
0	1	0.25291035
0	1	-0.0877678
1	0	-0.38936076
0	1	0.90873862
0	1	0.94345905
0	1	0.81871807
0	1	-0.09885517
0	1	-0.2049546
0	1	0.65706633
1	0	0.29558329
1	0	0.08361251
1	0	-0.59585167
1	0	-0.26939237
0	1	0.74230634
0	1	0.20675947
0	1	-0.06838954
1	0	0.13756853
0	1	0.2330435
0	1	0.69339055
1	0	0.38700503
1	0	0.31182765
0	1	0.92097911
0	1	0.93823695
0	1	-0.21041794
0	1	0.72089426
0	1	0.99919302
0	1	0.43051193
0	1	0.45051219
1	0	0.16504809
0	1	0.73631509
1	0	0.75029881
1	0	-0.24512096
0	1	0.9674285
0	1	1
1	0	0.45528405
1	0	0.47259196
0	1	0.81638985
1	0	-0.49783117
1	0	0.55683566
1	0	0.80247857
0	1	1
0	1	1
1	0	-0.2383134
1	0	0.97145791
1	0	-0.1158922
1	0	0.75146285
1	0	-0.15200338
0	1	0.80214802
0	1	0.61916366
1	0	0.7037379
0	1	1
0	1	0.13873626
1	0	0.20055773
1	0	0.29879639
1	0	0.72614619
1	0	-0.13682733
0	1	0.99778141
0	1	0.26308835
1	0	0.38781738
1	0	-0.65680372
1	0	-0.48665493
0	1	0.36192263
1	0	0.54170636
1	0	-0.29457782
1	0	0.4685696
1	0	-0.27689366
0	1	0.93803506
0	1	0.60627472
0	1	0.98439922
0	1	-0.28911814
1	0	0.85469522
1	0	0.46198675
1	0	0.89507837
1	0	-0.53061816
1	0	-0.12413947
0	1	1
0	1	0.65917644
0	1	0.61485187
0	1	0.41235695
0	1	0.47919646
1	0	0.64276334
1	0	0.21952378
0	1	0.26861149
1	0	0.69411332
1	0	-0.16873515
0	1	0.43206774
0	1	0.93494994
0	1	0.93163285
1	0	0.29365976
0	1	0.48319163
1	0	0.05507799
0	1	0.97300195
1	0	0.27781224
1	0	-0.33998713
1	0	0.21544211
1	0	0.4612049
0	1	-0.03943366
0	1	-0.26825892
1	0	-0.54598831
1	0	0.26812005
1	0	-0.66891997
0	1	0.62465288
0	1	0.75660866
0	1	0.72569971
1	0	0.27333315
1	0	0.14950716
1	0	0.04491108
1	0	0.80328318
0	1	0.61756229
0	1	0.79599542
0	1	-0.3647163
1	0	-0.38704398
0	1	0.76490432
1	0	0.75932579
1	0	0.36925756
1	0	0.45524673
0	1	0.50756878
0	1	0.03220442
1	0	0.02135299
1	0	0.74820057
0	1	0.99778667
1	0	-0.04954992
1	0	0.42045925
1	0	-0.60102771
0	1	0.6946267
1	0	0.08260501
0	1	-0.09325428
1	0	0.30072831
1	0	0.71087853
0	1	0.46773494
0	1	-0.07946593
0	1	0.80084244
1	0	-0.50610383
1	0	-0.59391208
0	1	0.48165967
0	1	0.59330881
0	1	-0.04395083
0	1	-0.06869201
0	1	0.54664973
0	1	-0.03448308
1	0	0.52400957
1	0	0.46951786
0	1	0.70310451
1	0	0.44994796
1	0	0.58592049
1	0	-0.14001251
1	0	-0.69585948
0	1	-0.05686089
1	0	-0.26993952
0	1	0.62891015
1	0	-0.19598305
0	1	-0.2450777
1	0	0.57157901
0	1	0.55416168
1	0	0.09500552
0	1	0.09133499
1	0	0.50700637
1	0	-0.21523518
1	0	0.59472628
1	0	-0.04428524
1	0	0.17716351
0	1	0.37830298
1	0	-0.27914574
0	1	1
0	1	0.99878483
0	1	0.39590902
0	1	0.53219223
1	0	-0.29140403
0	1	-0.25781346
0	1	-0.28242641
1	0	0.76311673
0	1	0.43543879
0	1	-0.20156038
1	0	0.69768435
1	0	-0.13928877
1	0	0.60753212
0	1	0.60687643
0	1	0.7023447
0	1	0.97810238
1	0	-0.25684273
0	1	0.72858346
0	1	0.75020852
0	1	0.99987977
0	1	0.11093266
1	0	0.13264502
1	0	-0.15396704
1	0	-0.26584409
1	0	0.9211156
0	1	0.08969009
1	0	-0.0968138
1	0	0.72495182
1	0	0.18266286
1	0	0.08388429
0	1	-0.08200202
0	1	0.29275131
1	0	0.97126216
1	0	0.37859439
1	0	0.87816146
0	1	-0.06925232
1	0	0.51361777
1	0	0.01048011
0	1	0.99996073
1	0	-0.25050958
1	0	0.62218132
0	1	0.120976
1	0	0.84575121
1	0	0.41995435
0	1	0.74988878
1	0	0.43615776
0	1	0.74853969
0	1	0.76545818
1	0	-0.61281496
1	0	0.91335513
0	1	-0.10031645
1	0	0.36296683
1	0	0.41220537
0	1	0.97305173
0	1	0.75174141
1	0	-0.24852202
0	1	-0.04956753
0	1	0.15247565
1	0	-0.2661626
1	0	-0.59252551
0	1	0.47399534
1	0	-0.16039229
1	0	-0.65889084
0	1	0.75314372
1	0	-0.07446617
1	0	0.72478866
0	1	0.68410122
0	1	-0.41735649
0	1	0.63573004
0	1	-0.0420148
1	0	0.17041037
1	0	0.22639922
1	0	-0.03295603
0	1	0.94494308
0	1	-0.26580366
0	1	0.31559472
1	0	-0.51481998
0	1	0.99987785
0	1	1
1	0	-0.08672137
0	1	0.57917827
1	0	0.18705137
0	1	0.68741993
0	1	0.62836291
0	1	0.8177247
0	1	1
1	0	0.97072785
1	0	0.60215793
0	1	0.72429295
0	1	0.99897047
0	1	0.97767773
1	0	0.25002214
1	0	0.1173768
0	1	0.98205672
1	0	0.07324759
1	0	-0.44717703
1	0	0.96886481
0	1	0.75739625
1	0	-0.69413297
0	1	0.96993363
1	0	-0.21379347
1	0	0.02345376
0	1	0.59384579
1	0	-0.68011344
0	1	0.56386938
0	1	-0.09405143
0	1	0.64617667
0	1	0.99908613
1	0	0.47446576
0	1	0.97912277
1	0	0.09236917
1	0	0.48825711
0	1	0.64300006
0	1	0.37649131
0	1	0.56787943
1	0	-0.11062651
1	0	-0.29831241
0	1	-0.10945356
0	1	0.64947594
1	0	0.69940231
1	0	0.81773761
1	0	0.49537179
0	1	0.80365761
0	1	0.98475334
0	1	0.62553999
0	1	-0.26704914
0	1	0.45786005
1	0	-0.26757752
1	0	0.81985002
0	1	1
1	0	0.33761423
1	0	-0.42246192
1	0	0.77610371
0	1	0.96116607
1	0	-0.45929565
1	0	-0.40615727
0	1	0.60144098
1	0	0.52308134
0	1	0.39187686
1	0	-0.25880035
1	0	0.51874359
1	0	0.45914638
0	1	0.75459601
1	0	0.91397302
1	0	0.65567023
0	1	0.58865195
0	1	-0.0193849
1	0	0.3964399
0	1	0.81111355
0	1	0.83314257
0	1	-0.3983195
0	1	0.49838778
1	0	0.19452634
0	1	0.789876
0	1	0.70964549
1	0	0.23593498
0	1	0.98401188
0	1	0.61677833
0	1	0.46601628
0	1	0.32634137
0	1	0.74732988
0	1	0.99846528
1	0	-0.17815607
1	0	0.87982331
0	1	-0.09709503
0	1	0.80368132
1	0	-0.58624536
0	1	0.80664012
0	1	0.9744586
0	1	1
0	1	0.75211242
0	1	0.32103571
0	1	0.75218082
0	1	0.48124611
1	0	0.30683478
0	1	1
0	1	0.95343879
1	0	0.01020149
0	1	-0.20816642
1	0	0.01842567
1	0	-0.32725148
1	0	0.09232351
0	1	0.80324874
1	0	0.00228038
0	1	-0.06329123
0	1	0.36694496
0	1	0.98005178
1	0	0.51721365
0	1	0.39333748
1	0	0.6009313
0	1	-0.20981535
1	0	0.65599506
0	1	0.63570456
1	0	-0.54375869
1	0	0.06885967
1	0	-0.3910197
0	1	0.69045141
1	0	-0.67660568
1	0	0.84897493
1	0	0.33086236
1	0	-0.56893396
1	0	0.52831962
0	1	0.99931857
1	0	0.24176628
1	0	0.1430087
0	1	0.47953784
1	0	0.01891057
1	0	0.84443989
0	1	-0.14332391
0	1	0.49173676
0	1	-0.25941571
1	0	0.56350287
0	1	-0.20661662
0	1	0.45032569
1	0	0.43150548
0	1	0.97534904
0	1	0.99829926
1	0	0.34430246
0	1	0.82355919
1	0	-0.01390682
1	0	0.05723744
1	0	-0.03279929
1	0	-0.12859356
0	1	0.73782006
0	1	-0.39667516
0	1	0.73887782
0	1	0.73089614
0	1	0.99831818
0	1	0.6001042
1	0	0.17431766
1	0	0.44712629
0	1	0.35598057
0	1	0.23096557
0	1	0.30433019
0	1	-0.31607679
0	1	-0.09032014
1	0	-0.22267851
1	0	-0.40734175
1	0	0.15867311
0	1	0.79916047
0	1	-0.12255626
1	0	-0.15627098
0	1	0.71362081
1	0	0.97103754
0	1	-0.32975387
1	0	-0.42573575
0	1	0.82128654
0	1	0.43414863
1	0	-0.61306732
0	1	-0.03652502
0	1	0.80841518
0	1	0.63526038
0	1	0.80138822
1	0	-0.24024079
0	1	0.62881722
1	0	-0.29894167
1	0	0.03185611
0	1	-0.09085028
0	1	0.82743305
1	0	0.68005346
1	0	0.07937813
1	0	0.35615267
0	1	0.94521604
0	1	-0.20070539
1	0	-0.34438067
1	0	0.78395825
0	1	-0.390304
0	1	0.72489664
1	0	0.12171902
0	1	0.66374921
0	1	0.19808169
1	0	-0.57523283
1	0	-0.10853971
0	1	0.79218836
1	0	0.7260204
0	1	0.75550845
1	0	-0.32698059
1	0	0.14094681
0	1	0.5527867
1	0	0.02279763
1	0	-0.09147252
1	0	0.30462248
1	0	-0.11616061
1	0	-0.30706481
1	0	-0.21439993
0	1	1
0	1	0.97731203
0	1	0.68871068
1	0	0.17582624
1	0	-0.10662858
1	0	-0.25172077
0	1	0.60914472
0	1	0.53448389
1	0	0.78686396
0	1	0.43093183
1	0	-0.46095091
0	1	0.9617171
1	0	-0.46950735
1	0	0.08143501
0	1	1
0	1	0.46518393
1	0	-0.25048989
1	0	-0.6101924
1	0	-0.26624248
1	0	-0.44745563
0	1	-0.24621365
0	1	0.37817965
1	0	-0.31058346
1	0	0.00052857
1	0	0.69561103
0	1	-0.04195034
1	0	0.90595163
1	0	-0.27053712
0	1	0.73929049
1	0	-0.26478858
1	0	-0.30614658
1	0	-0.68948413
1	0	0.12750894
0	1	0.3720281
0	1	-0.03836774
0	1	0.77154875
1	0	-0.24037483
1	0	-0.06200582
1	0	0.73237181
1	0	0.58529131
0	1	0.1761182
0	1	0.6038008
1	0	-0.25195203
0	1	0.99821185
0	1	0.69833086
1	0	0.06694736
0	1	0.63659902
0	1	0.42970842
0	1	0.97270905
0	1	0.6438595
1	0	0.61192189
0	1	0.53316611
0	1	0.57146739
0	1	-0.24817646
0	1	0.4137016
0	1	0.99884564
0	1	0.60305825
0	1	0.01455507
0	1	0.953268
0	1	-0.3607087
1	0	0.77480684
0	1	0.63011481
1	0	-0.50066613
1	0	0.45190983
0	1	0.53057028
1	0	-0.33108314
0	1	-0.1514738
1	0	-0.33980666
1	0	0.47292566
0	1	0.650382
0	1	-0.28806528
1	0	0.36855771
1	0	0.23013643
1	0	-0.04461163
0	1	0.36179613
1	0	-0.26069125
1	0	-0.15325519
0	1	0.39617431
1	0	0.01451403
1	0	0.15834872
1	0	0.83624531
1	0	-0.56373116
1	0	0.48817721
1	0	-0.27549746
1	0	0.21290715
1	0	-0.11241737
1	0	0.66179631
1	0	0.01201303
1	0	-0.3927238
1	0	-0.57336748
0	1	-0.36557747
0	1	0.08546987
1	0	0.22010139
0	1	0.54600892
1	0	-0.17166239
1	0	0.44641644
0	1	0.99947154
0	1	0.25399519
1	0	-0.09509728
1	0	0.14338257
1	0	0.86623754
0	1	0.06396347
1	0	0.14465764
1	0	-0.64227026
0	1	-0.28126095
0	1	0.74413202
0	1	0.5175861
1	0	-0.40168284
1	0	-0.02879972
0	1	0.33956249
1	0	0.50138482
1	0	0.86316912
0	1	-0.24914397
1	0	-0.24385211
0	1	0.70303952
1	0	0.6248646
1	0	0.67357786
1	0	0.265823
0	1	0.8026836
0	1	0.9265564
1	0	-0.20554206
1	0	-0.36975561
1	0	-0.12174644
1	0	0.02166873
0	1	0.08545354
0	1	0.59660186
0	1	1
1	0	0.08365431
0	1	0.9105025
0	1	1
0	1	0.7508199
1	0	0.58984959
1	0	0.03875976
0	1	0.12508096
0	1	0.63122343
1	0	0.55226376
0	1	-0.30387336
1	0	-0.25004361
1	0	-0.60922011
1	0	-0.25115352
1	0	-0.28438244
1	0	0.40558994
0	1	0.44080473
0	1	0.71572279
0	1	0.18316449
1	0	0.51015613
1	0	0.43931949
0	1	0.37407491
0	1	0.99935251
0	1	-0.12188748
0	1	0.15838768
0	1	0.02688843
0	1	0.92690315
0	1	0.41216627
0	1	0.99940218
0	1	0.02871194
0	1	-0.24048204
1	0	-0.47781551
0	1	0.70777346
0	1	-0.05819051
1	0	-0.07684318
1	0	0.45372822
0	1	0.68172539
0	1	0.97692677
1	0	-0.14959621
1	0	0.35109348
1	0	0.44877598
1	0	0.83771116
1	0	-0.2617244
0	1	0.92156994
1	0	0.55084564
1	0	-0.23122188
0	1	0.60609015
0	1	0.58748816
1	0	0.48041005
1	0	0.18952783
0	1	0.55376346
0	1	0.7263698
1	0	-0.04430398
0	1	0.40329193
0	1	0.79992885
1	0	-0.55272173
0	1	0.45075291
0	1	0.74971761
1	0	-0.2477306
0	1	0.68795692
1	0	0.5122748
0	1	0.53809078
1	0	0.49175682
1	0	0.49406669
0	1	0.2919403
1	0	-0.37984257
1	0	-0.16541405
1	0	0.51454719
0	1	0.59484352
1	0	-0.23581773
0	1	0.54953386
1	0	-0.60374452
0	1	0.80609133
0	1	0.62673002
1	0	0.14187755
0	1	0.51191169
0	1	0.44396433
0	1	0.63252512
1	0	-0.28301238
1	0	-0.02044049
1	0	-0.25385057
1	0	0.51926085