1	0	-0.13826133
1	0	-0.4457158
1	0	-0.3316931
0	1	0.56312424
1	0	-0.00957798
1	0	-0.48067844
1	0	0.24295018
0	1	0.80383172
1	0	0.24243565
1	0	0.50831416
1	0	-0.286037
1	0	0.39744991
0	1	0.80312315
0	1	1
0	1	0.7016622
0	1	0.82763985
1	0	0.67147823
0	1	-0.16851918
1	0	-0.44953829
1	0	-0.52425034
1	0	0.87161256
0	1	0.78506042
0	1	0.24473917
0	1	0.70572435
0	1	0.72644388
0	1	0.8079501
1	0	-0.02161702
0	1	0.56266035
1	0	-0.35740435
0	1	1
1	0	0.16331115
0	1	0.80576028
0	1	0.50539616
1	0	0.03413843
0	1	0.69779374
0	1	0.78576346
0	1	0.82082105
1	0	-0.44597462
0	1	0.4419223
0	1	0.59446784
1	0	0.10926705
1	0	-0.01736062
0	1	0.4413562
1	0	-0.32919094
1	0	-0.28701049
0	1	0.83656508
0	1	0.79023832
0	1	0.91257598
1	0	-0.2936765
0	1	0.80570824
1	0	0.0616823
0	1	0.73085484
0	1	1
1	0	0.17485082
1	0	0.02542393
1	0	-0.14088328
0	1	0.80664224
0	1	-0.16920237
0	1	0.49584466
0	1	0.80680945
1	0	0.18592639
0	1	0.82194862
0	1	0.81776795
1	0	0.41278665
1	0	0.41343548
1	0	-0.21221336
1	0	-0.15352962
0	1	0.70254043
0	1	0.80643897
1	0	0.02407747
1	0	0.43783353
1	0	0.10870788
1	0	-0.02949894
1	0	0.1755802
0	1	0.80580508
1	0	0.07711963
1	0	0.06419698
0	1	0.70485075
1	0	-0.06512627
0	1	0.87380443
1	0	0.03592233
0	1	0.9230723
1	0	-0.73196167
1	0	0.0574852
1	0	-0.48913042
0	1	0.80291744
0	1	0.35049885
1	0	-0.15426343
1	0	0.09987052
1	0	-0.47916412
1	0	-0.16613923
1	0	-0.52956977
0	1	0.8389883
1	0	0.06518648
1	0	0.66081318
0	1	0.90733086
1	0	0.66829106
1	0	0.18929223
1	0	0.04950395
0	1	0.82065251
1	0	0.0671785
0	1	0.99917746
1	0	0.50498735
0	1	-0.16818493
1	0	-0.09058402
0	1	0.57283555
0	1	0.44082941
1	0	-0.27606746
0	1	0.66491345
1	0	0.03168174
1	0	0.8718361
1	0	0.24349894
0	1	0.50070386
0	1	0.97871076
1	0	-0.03303215
1	0	-0.01685638
0	1	0.25049618
0	1	0.99989001
0	1	0.05917396
0	1	0.4952286
1	0	0.43537131
1	0	0.41411665
1	0	0.66128025
0	1	0.63181892
1	0	0.17688967
1	0	-0.34682619
0	1	1
1	0	0.02263181
1	0	0.10434363
0	1	0.8095152
0	1	0.59568087
1	0	0.18690692
1	0	0.52350305
0	1	0.97911032
1	0	-0.01666506
0	1	0.24840035
0	1	0.44043862
1	0	0.40064975
0	1	0.6631279
1	0	0.39826225
1	0	-0.0922941
0	1	0.87209134
0	1	0.24391277
0	1	0.9120404
0	1	0.97794451
1	0	0.3423581
0	1	0.50607505
0	1	0.56011862
0	1	0.49851321
0	1	0.80441204
0	1	1
1	0	-0.73699695
1	0	0.39933799
0	1	0.83808861
0	1	1
0	1	0.97896712
0	1	0.73645858
0	1	0.82345359
1	0	0.30859854
1	0	0.2593978
0	1	0.80511238
0	1	0.4421567
1	0	0.16812943
0	1	0.92192665
1	0	-0.06526876
1	0	-0.02692389
1	0	0.43569389
0	1	0.70996783
1	0	0.24256843
0	1	0.35168348
1	0	0.42961189
0	1	0.80630143
1	0	0.02815179
0	1	0.4425604
0	1	0.30083201
0	1	0.30032698
0	1	0.80708789
1	0	0.17992399
1	0	0.67107892
1	0	0.87142933
0	1	0.4423636
0	1	0.73334715
1	0	0.25981391
1	0	0.87256542
0	1	0.92162439
0	1	0.49786293
0	1	0.72790977
1	0	0.24288684
1	0	-0.51546249
1	0	-0.35243065
0	1	0.99946196
0	1	0.78765156
0	1	0.78679675
0	1	-0.1659709
0	1	0.44239716
0	1	0.75841965
1	0	-0.47930106
1	0	-0.21612784
1	0	0.36616288
1	0	0.31031493
0	1	0.95289853
1	0	0.66493351
1	0	-0.48678354
1	0	0.07746167
0	1	0.59630451
0	1	0.59526073
0	1	0.70976548
0	1	0.82569283
1	0	-0.29296953
1	0	0.03764943
0	1	0.99890635
1	0	-0.15780689
0	1	0.92282901
0	1	0.02341843
0	1	0.04764635
0	1	0.99907336
1	0	0.25937428
0	1	0.99861875
1	0	-0.32932037
1	0	-0.48213383
1	0	0.01499867
1	0	0.03790768
1	0	0.70778533
1	0	0.66525429
1	0	0.05016405
0	1	0.57352485
0	1	0.44234592
0	1	0.06160642
1	0	-0.16679795
0	1	0.95213773
0	1	0.56040695
0	1	0.02445055
1	0	-0.70610587
0	1	0.69504024
1	0	-0.48087779
1	0	0.06425155
0	1	0.82714732
0	1	0.80212486
1	0	0.02904219
1	0	0.03018585
0	1	0.06129903
1	0	0.17363513
0	1	0.65918385
1	0	-0.29624121
1	0	-0.17023682
1	0	0.18499146
1	0	-0.28813523
0	1	0.72403283
0	1	0.82431131
0	1	0.72390598
0	1	-0.17108189
0	1	0.72445821
1	0	-0.29044024
1	0	0.04704471
0	1	0.42884407
0	1	0.92270864
1	0	0.43867875
0	1	0.805302
0	1	0.66351068
1	0	-0.01680849
1	0	-0.13494604
1	0	0.06346811
1	0	0.66634546
0	1	0.75929296
1	0	-0.29709373
0	1	0.63047242
1	0	-0.28374064
1	0	0.71013274
0	1	0.35181527
0	1	0.66299778
0	1	0.66206019
1	0	0.52665161
1	0	0.39922622
0	1	0.49755683
0	1	1
0	1	0.9090899
0	1	1
0	1	0.91141491
1	0	0.44015016
1	0	-0.09043499
1	0	-0.09330045
0	1	0.59463253
1	0	-0.27112088
0	1	0.30120188
0	1	0.78477678
0	1	0.24961099
0	1	0.90924731
0	1	0.44333585
1	0	0.5279042
0	1	-0.16963575
1	0	-0.70324514
1	0	0.17475562
1	0	0.5041548
0	1	0.57325212
1	0	-0.22044451
0	1	0.70822059
1	0	-0.44464454
1	0	-0.14454066
1	0	0.17495543
1	0	0.34212535
0	1	0.4933517
0	1	0.44135729
0	1	-0.16827158
1	0	0.70641311
1	0	0.50260615
0	1	0.87347607
0	1	0.9998918
1	0	-0.01630737
0	1	0.42305046
1	0	0.66060969
1	0	-0.72836583
1	0	0.43302772
0	1	0.07307605
0	1	1
1	0	-0.47639912
0	1	0.07947873
1	0	0.41396735
0	1	0.62802315
1	0	-0.15110629
1	0	-0.7285162
0	1	0.24863179
0	1	0.50395073
1	0	-0.06315435
1	0	-0.16475705
0	1	0.81884591
1	0	-0.30084936
0	1	0.06112391
1	0	0.15812919
1	0	-0.34257177
1	0	0.42172716
1	0	0.0125741
1	0	0.37016185
1	0	-0.13463217
1	0	0.36896742
0	1	0.7022914
1	0	0.36804208
1	0	-0.02476469
1	0	-0.7035416
0	1	0.06384561
1	0	-0.26425623
0	1	-0.16866733
1	0	0.34347074
0	1	0.92155224
0	1	0.83549572
0	1	0.80296907
0	1	0.78813533
0	1	0.56285518
0	1	0.90702519
1	0	0.66458148
0	1	0.97894472
1	0	-0.32921354
1	0	0.04257974
0	1	0.95199878
0	1	1
0	1	0.78823944
1	0	0.07934892
1	0	-0.06870122
0	1	1
0	1	0.35075369
0	1	0.30863025
1	0	-0.01499838
1	0	0.06236243
1	0	0.34179525
0	1	0.99927372
0	1	0.02469622
1	0	-0.21706616
0	1	0.02184256
0	1	0.30502534
0	1	0.80685305
1	0	0.07759525
1	0	0.8723182
0	1	0.48887151
1	0	-0.15691026
1	0	-0.52186108
1	0	-0.16151532
1	0	-0.32896768
0	1	0.99896096
0	1	0.63027821
0	1	0.8043102
0	1	0.72533693
1	0	0.17472794
1	0	0.06501668
1	0	0.1714468
0	1	1
0	1	0.49985012
0	1	0.90698687
0	1	0.7609479
1	0	0.01399984
0	1	0.06392966
0	1	0.70591443
0	1	0.83503342
0	1	0.0753886
0	1	-0.16854056
1	0	-0.7347283
1	0	-0.4832462
1	0	-0.28109198
1	0	-0.28220773
1	0	0.70875719
0	1	0.70353853
0	1	0.34818725
1	0	0.25789678
0	1	0.92206154
0	1	0.66397734
0	1	0.65821493
0	1	0.78653465
0	1	0.71156923
1	0	0.43261532
0	1	0.73814673
0	1	0.8062823
1	0	0.37298888
1	0	-0.28702886
1	0	0.07630005
1	0	0.3098788
0	1	0.66086837
0	1	0.75803916
0	1	0.07201652
0	1	0.07906864
0	1	0.05301374
1	0	0.17402281
1	0	-0.35776447
0	1	0.02304452
0	1	0.92296337
0	1	0.43284625
1	0	0.01328346
1	0	0.02863289
1	0	0.05808784
0	1	0.06427045
0	1	0.92450125
0	1	0.99938672
0	1	0.90900329
1	0	0.05997383
1	0	0.5002431
0	1	0.78632066
1	0	-0.28758832
1	0	-0.0125307
1	0	-0.28762431
0	1	0.95296628
1	0	-0.16933427
0	1	1
0	1	0.95301711
0	1	0.63013793
0	1	0.50953343
0	1	0.5696912
1	0	-0.44716878
0	1	0.65899192
1	0	-0.15584665
1	0	-0.01219504
0	1	0.90991332
0	1	0.87204908
1	0	0.34215946
1	0	0.53116514
1	0	-0.09104811
1	0	0.17927055
0	1	0.50630202
0	1	0.80496772
1	0	0.01618194
0	1	0.24718085
1	0	0.31059189
0	1	0.70239848
1	0	-0.48500099
0	1	0.80831756
0	1	0.92132905
1	0	-0.157691
1	0	-0.06721922
0	1	0.24259091
1	0	-0.704631
1	0	0.30788419
1	0	0.17521718
1	0	-0.28891293
1	0	0.41081961
0	1	1
1	0	0.05213579
1	0	0.10603463
1	0	-0.16996411
0	1	0.05541501
0	1	0.70604537
1	0	-0.21389425
1	0	-0.51732962
1	0	0.52491631
1	0	0.44447548
1	0	0.26129605
0	1	0.57199225
0	1	0.24399281
0	1	-0.16965102
1	0	-0.16673982
1	0	-0.29896542
0	1	0.50785955
1	0	-0.01857089
0	1	0.24528074
1	0	0.05952729
1	0	-0.70480329
0	1	0.80362175
0	1	0.99846934
0	1	0.80329332
0	1	0.43558087
0	1	0.76031619
1	0	0.06049421
0	1	0.87194379
1	0	0.17428401
1	0	0.70700663