0	1	0.09665575
0	1	0.61384401
0	1	0.11614155
1	0	-0.32980232
1	0	0.76527583
1	0	0.70588116
0	1	1
1	0	0.85441184
0	1	1
1	0	-0.09905894
1	0	-0.01567005
1	0	0.02578947
1	0	0.11912432
1	0	0.5783736
1	0	-0.54093784
0	1	0.78796556
1	0	-0.43802941
0	1	0.56065473
1	0	0.91241215
0	1	0.89078901
0	1	0.77978725
0	1	-0.14044833
0	1	-0.14756246
1	0	0.00658799
0	1	0.97708416
0	1	0.47578117
1	0	0.55008032
1	0	0.16626027
1	0	-0.51682871
0	1	0.76622083
1	0	-0.4368748
1	0	0.24390646
0	1	0.52206754
1	0	0.18945873
1	0	0.40377726
1	0	-0.08924199
1	0	0.74251655
0	1	0.54297354
1	0	-0.72216044
1	0	0.53815433
0	1	0.47041041
0	1	0.52383769
1	0	0.26404514
1	0	-0.16345259
0	1	0.41265647
0	1	0.41084194
1	0	0.11334996
0	1	0.60780167
1	0	0.0423459
1	0	-0.71731649
0	1	0.96477785
0	1	0.73296529
1	0	-0.09670999
1	0	-0.32011412
0	1	0.49467959
1	0	-0.2145935
0	1	0.78834973
0	1	0.35088264
0	1	0.8916513
1	0	0.52222157
0	1	0.40310065
0	1	0.36787719
1	0	-0.54573591
1	0	-0.1771874
1	0	0.20136644
1	0	0.02199274
1	0	0.39071052
0	1	0.20333463
0	1	0.48019284
1	0	0.1827412
0	1	0.63797337
0	1	0.97143515
1	0	-0.19395614
1	0	0.53324206
1	0	-0.13111387
1	0	0.26038354
1	0	-0.0708146
1	0	-0.51093739
0	1	0.48396778
0	1	0.46562539
0	1	0.80512708
1	0	-0.1828777
1	0	0.53036403
1	0	-0.35294348
0	1	0.40717797
1	0	-0.08956678
1	0	-0.43610856
0	1	0.46855502
0	1	0.70456211
0	1	0.76418379
1	0	0.4176326
0	1	0.42251311
1	0	-0.08383484
0	1	0.77203148
1	0	0.02387684
1	0	-0.21070501
0	1	0.48390255
1	0	-0.34385375
1	0	0.89974125
1	0	0.1259134
0	1	0.97722976
0	1	0.97148997
1	0	0.13443714
0	1	0.54323788
1	0	0.40568398
0	1	1
1	0	0.21059358
0	1	0.40261862
0	1	0.55838143
0	1	0.99846934
1	0	-0.75509972
1	0	-0.21103753
0	1	0.79276209
0	1	0.76569672
1	0	0.74372326
0	1	0.47483158
1	0	-0.43826574
0	1	0.7927761
0	1	0.79099957
1	0	0.44561726
0	1	0.51802367
0	1	0.71917096
0	1	0.99989007
0	1	0.75809949
0	1	0.54576241
0	1	0.77316018
0	1	0.88157652
1	0	0.7163519
0	1	0.51579672
0	1	0.99917752
1	0	-0.55287369
1	0	0.52940046
1	0	-0.028543
0	1	0.56281256
1	0	-0.04278426
0	1	0.97696893
0	1	0.63866513
0	1	-0.14668732
1	0	-0.12433799
1	0	-0.32573398
1	0	-0.14477133
0	1	0.88773315
1	0	0.4197293
1	0	-0.52130802
1	0	-0.10007946
1	0	0.56864448
1	0	0.19433761
0	1	0.96437505
0	1	0.61240076
1	0	-0.11300276
0	1	0.97592917
1	0	-0.4330268
1	0	-0.09783774
0	1	0.9998918
0	1	0.40336625
0	1	0.64808895
0	1	0.5285944
0	1	0.79494708
0	1	-0.25003806
0	1	0.70224377
1	0	-0.04986181
1	0	-0.01882695
0	1	0.71188023
0	1	0.5723471
1	0	-0.1777999
0	1	0.61760672
1	0	0.56034418
0	1	0.48510282
0	1	-0.26020258
0	1	1
1	0	-0.07390107
0	1	0.8804485
0	1	0.68187599
0	1	0.06861249
1	0	-0.06307789
0	1	0.99861875
1	0	0.45360199
1	0	0.91001443
1	0	-0.10655629
1	0	0.02064457
1	0	0.23027955
1	0	-0.11561356
1	0	-0.31785492
1	0	0.70934986
1	0	0.11222878
1	0	-0.05096102
1	0	0.57434855
1	0	0.51153422
1	0	0.21015602
1	0	0.21036812
1	0	0.86916969
0	1	0.5584001
1	0	0.14236386
1	0	0.76383296
1	0	0.38423812
1	0	0.01835864
1	0	-0.07545289
0	1	1
0	1	0.64092522
0	1	1
0	1	0.58642611
1	0	0.56878112
1	0	-0.22176474
0	1	0.49550368
1	0	0.58451166
0	1	0.30754156
1	0	-0.04251557
1	0	-0.08939185
0	1	0.99907342
0	1	0.4874068
0	1	0.88525377
1	0	0.06196512
0	1	0.49705557
0	1	0.79425617
1	0	-0.02905021
0	1	0.61929809
1	0	-0.02603231
0	1	0.10668963
0	1	0.99946196
1	0	0.15022886
0	1	0.89660886
0	1	0.4026172
0	1	0.50658254
0	1	-0.13946464
0	1	0.99896096
0	1	0.34429216
0	1	0.79598507
1	0	0.26483218
1	0	0.90054206
1	0	0.74428669
0	1	0.50872549
0	1	0.68015713
1	0	-0.19851943
0	1	0.89452323
0	1	0.46114214
0	1	0.75477237
0	1	1
0	1	0.9773794
1	0	-0.12316835
0	1	0.6365803
0	1	1
0	1	0.76105168
1	0	-0.00394308
1	0	0.41096791
1	0	-0.16561197
0	1	0.75653662
1	0	0.2085075
0	1	0.69102736
1	0	0.71099824
1	0	-0.08981426
1	0	0.56375235
1	0	0.02048103
1	0	-0.15932427
0	1	0.76352529
1	0	-0.03538278
0	1	0.76655801
1	0	-0.51398792
1	0	-0.02002705
1	0	-0.02141246
1	0	-0.11658592
0	1	0.73290934
0	1	0.79723532
1	0	0.00302825
0	1	0.52142307
0	1	0.71044195
1	0	-0.0710095
0	1	0.77842684
1	0	0.35892515
0	1	0.97463526
1	0	-0.12148561
0	1	0.73654729
1	0	-0.02468292
1	0	0.74244679
1	0	-0.01920158
0	1	0.16352788
0	1	0.99938672
1	0	0.55871032
1	0	0.26760561
0	1	0.78974659
1	0	0.21574676
0	1	0.76221218
1	0	-0.07985266
0	1	0.60952782
1	0	-0.43337742
0	1	0.41521083
0	1	0.70577965
0	1	0.5465359
1	0	0.76826306
0	1	0.77766713
0	1	0.48489782
1	0	0.02160461
0	1	0.97581071
1	0	0.01671915
0	1	0.74323185
1	0	-0.35799932
0	1	0.63698831
0	1	0.80069802
1	0	0.84329368
0	1	0.18822402
0	1	-0.12446031
1	0	-0.12843021
1	0	-0.53173166
1	0	0.56286309
0	1	0.96270035
1	0	-0.43368609
1	0	0.25275446
0	1	-0.23479347
1	0	-0.21327049
0	1	0.76191083
0	1	0.63983519
0	1	0.63353969
1	0	0.02452328
1	0	0.53131688
1	0	-0.33254073
1	0	-0.43791938
0	1	0.34112921
1	0	0.00629648
1	0	-0.00690065
1	0	0.27932744
1	0	-0.72935932
0	1	0.44052998
1	0	-0.09691633
1	0	0.26315573
1	0	0.90902748
0	1	0.77192793
0	1	0.58891871
1	0	0.57558036
1	0	0.52742016
0	1	0.52498342
0	1	0.77062033
0	1	0.63746414
1	0	0.20787318
0	1	0.1784365
1	0	0.37136386
1	0	-0.3229577
0	1	0.53815433
0	1	0.99890635
1	0	0.55267162
0	1	0.32858209
0	1	0.87411331
0	1	0.76128878
1	0	0.30074553
0	1	0.69428938
0	1	0.55927326
1	0	0.13948335
1	0	-0.01232252
1	0	-0.72557882
0	1	0.62348243
1	0	-0.43507844
1	0	-0.5246276
1	0	-0.43186995
1	0	0.22370103
1	0	0.86187007
1	0	0.01353472
1	0	0.01526109
1	0	0.22898432
1	0	0.43193558
1	0	-0.18938527
0	1	0.48165171
0	1	0.7282568
1	0	-0.10208395
1	0	-0.73403314
0	1	0.53502198
1	0	0.53033129
0	1	1
0	1	0.78909173
1	0	0.71466398
0	1	0.41245137
0	1	0.97596848
1	0	-0.08702991
1	0	0.01740804
0	1	0.43382811
0	1	0.96055403
1	0	0.18061934
0	1	0.80112225
0	1	1
0	1	0.08460861
0	1	0.79628027
1	0	-0.03280246
1	0	0.07943013
0	1	0.6320941
0	1	0.22060725
0	1	0.57433388
0	1	0.72958155
0	1	0.19029596
1	0	0.53215724
0	1	0.71575251
0	1	0.76657563
0	1	0.59956777
1	0	0.31252886
1	0	-0.14891641
0	1	0.87699597
0	1	-0.11380528
1	0	-0.21676653
0	1	0.3179908
1	0	-0.02151632
0	1	0.97213123
0	1	0.55773409
0	1	1
1	0	-0.21554038
0	1	0.97235621
0	1	-0.24340794
0	1	0.33835943
0	1	0.40037599
1	0	-0.18852504
1	0	0.76113338
1	0	-0.74926378
1	0	0.21868521
0	1	0.97491094
0	1	0.6092006
0	1	0.40227643
0	1	0.58840244
1	0	-0.07691917
0	1	0.59679225
1	0	-0.18324373
0	1	0.4841191
1	0	0.4324836
0	1	0.97618367
0	1	0.56206076
1	0	0.18742355
1	0	-0.71773511
1	0	-0.20022203
1	0	-0.08137285
1	0	-0.08320591
0	1	1
0	1	0.47235287
1	0	-0.21155375
1	0	0.04153315
0	1	0.72886033
1	0	-0.10177045
0	1	0.53324762
1	0	-0.51896001
1	0	-0.05488652
0	1	0.72540048
0	1	0.77016802
0	1	0.97128777
1	0	-0.10899479
1	0	0.26915478
1	0	-0.74223482
1	0	0.84878508
1	0	-0.01835841
0	1	0.62761271
0	1	1
0	1	0.77776255
0	1	0.62672671
0	1	-0.13271375
1	0	0.75764529
0	1	0.48404463
0	1	0.1754917
1	0	-0.19949745
0	1	0.46137846
0	1	0.16379999
1	0	-0.05442206
0	1	0.53681012
0	1	0.96468269
1	0	-0.70971474
1	0	0.29096642
1	0	0.26336993
0	1	0.54328154
0	1	0.68003521
1	0	0.39723091
1	0	0.745173
0	1	0.17112884
1	0	-0.33682769
0	1	0.35763723
1	0	-0.01121455
0	1	0.47615928
0	1	1
1	0	0.12642729
1	0	0.51877781
1	0	0.0306658
0	1	0.53623746
0	1	-0.12365721
1	0	0.20982899
0	1	0.50689081
0	1	0.99927372
1	0	0.01836913
0	1	0.5511603
0	1	0.68825081
1	0	-0.09404498
0	1	0.3371366
0	1	0.55879351
1	0	0.09545768
0	1	0.78667515
1	0	0.55736495
0	1	0.60234493
0	1	-0.11300779
1	0	0.37100381
1	0	-0.0307088
0	1	0.40621982
1	0	0.26440318
1	0	-0.14536943
1	0	-0.05452887
0	1	0.52949717
1	0	0.55976591
0	1	0.53120616
0	1	-0.13321614
0	1	-0.25726671
0	1	0.76774081
0	1	0.19691341