0	1	0.59903145
1	0	0.74249399
0	1	-0.2428958
1	0	-0.54665506
0	1	0.79145199
1	0	-0.5141862
0	1	1
1	0	0.7613591
0	1	0.8918224
1	0	-0.19934289
0	1	0.53253591
1	0	0.55639535
0	1	0.41397518
1	0	0.27989733
0	1	0.73001593
1	0	-0.10701914
0	1	-0.13975243
1	0	0.53271377
0	1	0.56379223
1	0	-0.08652107
0	1	0.1061165
1	0	-0.18285887
0	1	-0.13975243
1	0	0.84817505
0	1	0.54374748
1	0	0.37085328
0	1	0.77029973
1	0	0.5279876
0	1	0.97818035
1	0	-0.33780667
0	1	1
1	0	0.91011786
0	1	0.88143271
1	0	0.02437181
0	1	0.97209936
1	0	0.0171969
0	1	0.17565686
1	0	-0.10138869
0	1	0.97525686
1	0	0.09553209
0	1	0.68069458
1	0	0.22211175
0	1	0.77058774
1	0	-0.43456724
0	1	0.50744355
1	0	0.70912558
0	1	0.41332352
1	0	-0.07729859
0	1	0.78927296
1	0	0.56904376
0	1	1
1	0	-0.09017283
0	1	0.61862594
1	0	0.26395422
0	1	1
1	0	-0.72146058
0	1	0.76491195
1	0	0.56798375
0	1	0.4030714
1	0	0.11926518
0	1	0.77189958
1	0	-0.11658265
0	1	0.61980379
1	0	0.44445676
0	1	0.71180373
1	0	0.20833996
0	1	0.96447033
1	0	-0.03005877
0	1	0.48407164
1	0	0.13868202
0	1	0.624125
1	0	0.01577529
0	1	0.54374748
1	0	-0.7491942
0	1	0.72408479
1	0	-0.21464369
0	1	0.48387179
1	0	0.18675965
0	1	0.63917005
1	0	-0.07526721
0	1	0.33757654
1	0	0.26094294
0	1	0.80249834
1	0	-0.43727708
0	1	0.99999994
1	0	-0.0122237
0	1	0.59903145
1	0	-0.0150379
0	1	0.77784652
1	0	-0.14546125
0	1	0.55090505
1	0	-0.31900916
0	1	0.49536821
1	0	0.38924837
0	1	0.1696147
1	0	0.02172808
0	1	0.34371114
1	0	-0.05337104
0	1	0.49536821
1	0	-0.21132834
0	1	0.60880971
1	0	0.74204099
0	1	-0.23547499
1	0	-0.5528565
0	1	0.78886437
1	0	-0.51035917
0	1	1
1	0	0.75815392
0	1	0.89639962
1	0	-0.21761848
0	1	0.53782368
1	0	0.55351794
0	1	0.40740582
1	0	0.26974055
0	1	0.72821099
1	0	-0.08983757
0	1	-0.14651847
1	0	0.53206784
0	1	0.56237561
1	0	-0.0827058
0	1	0.1158433
1	0	-0.17760427
0	1	-0.14651847
1	0	0.84279323
0	1	0.54770112
1	0	0.35787314
0	1	0.77381045
1	0	0.53144616
0	1	0.97766685
1	0	-0.33301169
0	1	0.99999994
1	0	0.91293889
0	1	0.8769505
1	0	0.02532623
0	1	0.9720453
1	0	0.03080915
0	1	0.16361912
1	0	-0.10390865
0	1	0.97486377
1	0	0.11134589
0	1	0.67939866
1	0	0.2283586
0	1	0.76735413
1	0	-0.43399426
0	1	0.51819783
1	0	0.70731199
0	1	0.41592312
1	0	-0.08365224
0	1	0.78850853
1	0	0.5638653
0	1	1
1	0	-0.10920896
0	1	0.60872763
1	0	0.26427433
0	1	1
1	0	-0.72682953
0	1	0.76482701
1	0	0.57637548
0	1	0.40410283
1	0	0.113061
0	1	0.7767809
1	0	-0.11361738
0	1	0.61173844
1	0	0.45456752
0	1	0.71635038
1	0	0.20727649
0	1	0.96519738
1	0	-0.03302883
0	1	0.48789012
1	0	0.12585215
0	1	0.63293648
1	0	0.01395358
0	1	0.54770112
1	0	-0.75427908
0	1	0.72940391
1	0	-0.2154588
0	1	0.48535272
1	0	0.18391134
0	1	0.6405133
1	0	-0.07288771
0	1	0.34127164
1	0	0.26843816
0	1	0.80492663
1	0	-0.43624464
0	1	1
1	0	-0.02100357
0	1	0.60880971
1	0	-0.01288012
0	1	0.7878806
1	0	-0.15987052
0	1	0.55788994
1	0	-0.31600279
0	1	0.50838339
1	0	0.37347758
0	1	0.16318905
1	0	0.04037179
0	1	0.33689052
1	0	-0.05458584
0	1	0.50838339
1	0	-0.22030585
0	1	0.61775416
1	0	0.74155903
0	1	-0.22651568
1	0	-0.55731517
0	1	0.78655094
1	0	-0.50675732
0	1	1
1	0	0.7552973
0	1	0.90027559
1	0	-0.23572531
0	1	0.5426392
1	0	0.55015147
0	1	0.39956445
1	0	0.26074713
0	1	0.72719556
1	0	-0.07061711
0	1	-0.15240473
1	0	0.53388548
0	1	0.56237918
1	0	-0.0784444
0	1	0.12154453
1	0	-0.17164126
0	1	-0.15240473
1	0	0.83714283
0	1	0.55190259
1	0	0.34534612
0	1	0.77661532
1	0	0.53382975
0	1	0.97716886
1	0	-0.3279863
0	1	0.99999994
1	0	0.9153465
0	1	0.8721742
1	0	0.0264532
0	1	0.97201782
1	0	0.04289551
0	1	0.15289125
1	0	-0.10815282
0	1	0.97457796
1	0	0.12527879
0	1	0.6782378
1	0	0.23223215
0	1	0.7643621
1	0	-0.43315244
0	1	0.52711713
1	0	0.70534527
0	1	0.41811824
1	0	-0.08878895
0	1	0.78769284
1	0	0.55873907
0	1	1
1	0	-0.12705898
0	1	0.5975967
1	0	0.2639021
0	1	1
1	0	-0.72892809
0	1	0.76471668
1	0	0.58273625
0	1	0.4054499
1	0	0.10570999
0	1	0.78178376
1	0	-0.11062781
0	1	0.60456175
1	0	0.46356675
0	1	0.72027701
1	0	0.20624876
0	1	0.96573597
1	0	-0.03485683
0	1	0.49150103
1	0	0.11541475
0	1	0.64189094
1	0	0.011092
0	1	0.55190259
1	0	-0.75951862
0	1	0.73373049
1	0	-0.21746975
0	1	0.48868924
1	0	0.1822176
0	1	0.64063215
1	0	-0.07043626
0	1	0.34656763
1	0	0.27590013
0	1	0.80634469
1	0	-0.43384251
0	1	1
1	0	-0.02900885
0	1	0.61775416
1	0	-0.01043612
0	1	0.79697567
1	0	-0.17545778
0	1	0.56382883
1	0	-0.31201628
0	1	0.51802367
1	0	0.358298
0	1	0.15691383
1	0	0.05649487
0	1	0.33059466
1	0	-0.05408436
0	1	0.51802367
1	0	-0.23032382
0	1	0.62586445
1	0	0.74114102
0	1	-0.21684331
1	0	-0.56104094
0	1	0.78426689
1	0	-0.5030393
0	1	1
1	0	0.75265485
0	1	0.90375227
1	0	-0.25393367
0	1	0.54721034
1	0	0.54664522
0	1	0.39166367
1	0	0.25219962
0	1	0.72649336
1	0	-0.05188646
0	1	-0.15758871
1	0	0.53279257
0	1	0.56206179
1	0	-0.07407308
0	1	0.12782221
1	0	-0.16599141
0	1	-0.15758871
1	0	0.83181828
0	1	0.55586815
1	0	0.33314821
0	1	0.77884185
1	0	0.53529489
0	1	0.97663116
1	0	-0.32355556
0	1	1
1	0	0.91749042
0	1	0.86738765
1	0	0.02748255
0	1	0.97198617
1	0	0.05499797
0	1	0.14321168
1	0	-0.11266999
0	1	0.97433418
1	0	0.13860719
0	1	0.67777556
1	0	0.23612051
0	1	0.76142484
1	0	-0.43199113
0	1	0.53549713
1	0	0.70342582
0	1	0.42015547
1	0	-0.09346339
0	1	0.7869128
1	0	0.5532434
0	1	1
1	0	-0.14420961
0	1	0.58598471
1	0	0.26414788
0	1	1
1	0	-0.73055941
0	1	0.76401085
1	0	0.58794945
0	1	0.40694913
1	0	0.09770424
0	1	0.78667808
1	0	-0.10763579
0	1	0.59796429
1	0	0.47149992
0	1	0.72390062
1	0	0.2049339
0	1	0.96615523
1	0	-0.03629263
0	1	0.49475539
1	0	0.10542216
0	1	0.65119219
1	0	0.00834331
0	1	0.55586815
1	0	-0.76433045
0	1	0.7377221
1	0	-0.21868461
0	1	0.49167374
1	0	0.18180257
0	1	0.63992941
1	0	-0.06878337
0	1	0.35093454
1	0	0.28271356
0	1	0.80699694
1	0	-0.43073043
0	1	1
1	0	-0.03709748
0	1	0.62586445
1	0	-0.00833093
0	1	0.80524164
1	0	-0.1905151
0	1	0.56900525
1	0	-0.30796683
0	1	0.52706152
1	0	0.34300151
0	1	0.15153629
1	0	0.0723004
0	1	0.32500842
1	0	-0.05218701
0	1	0.52706152
1	0	-0.23926674
0	1	0.63327008
1	0	0.7405116
0	1	-0.20660065
1	0	-0.56424093
0	1	0.78177279
1	0	-0.49878269
0	1	1
1	0	0.7499491
0	1	0.90689141
1	0	-0.27195799
0	1	0.55191725
1	0	0.54312676
0	1	0.38289109
1	0	0.24379034
0	1	0.72618866
1	0	-0.03344324
0	1	-0.16216676
1	0	0.53081363
0	1	0.56232667
1	0	-0.06945796
0	1	0.13369206
1	0	-0.16034509
0	1	-0.16216676
1	0	0.82656443
0	1	0.56049913
1	0	0.3215971
0	1	0.7807247
1	0	0.53602511
0	1	0.97605968
1	0	-0.31939316
0	1	1
1	0	0.91937393
0	1	0.86255884
1	0	0.02845125
0	1	0.97196549
1	0	0.06719888
0	1	0.13449875
1	0	-0.11768357
0	1	0.97418952
1	0	0.15144329
0	1	0.67743522
1	0	0.23948799
0	1	0.7586382
1	0	-0.43056795
0	1	0.54383063
1	0	0.70143986
0	1	0.42219144
1	0	-0.0976865
0	1	0.78617454
1	0	0.54776061
0	1	1
1	0	-0.16032374
0	1	0.57373381
1	0	0.26432839
0	1	0.99999988
1	0	-0.73139215
0	1	0.7631914
1	0	0.5918721
0	1	0.4090586
1	0	0.08824071
0	1	0.7914862
1	0	-0.10464606
0	1	0.59195822
1	0	0.47878209
0	1	0.72713572
1	0	0.20370921
0	1	0.96645772
1	0	-0.03724345
0	1	0.49772784
1	0	0.09650135
0	1	0.66020572
1	0	0.00542892
0	1	0.56049913
1	0	-0.76916593
0	1	0.74139094
1	0	-0.2198803
0	1	0.49469587
1	0	0.18198457
0	1	0.63784361
1	0	-0.06718636
0	1	0.35566306
1	0	0.28928587
0	1	0.80746061
1	0	-0.4269315
0	1	1
1	0	-0.04432606
0	1	0.63327008
1	0	-0.00641739
0	1	0.81283903
1	0	-0.20585193
0	1	0.57352787
1	0	-0.30396345
0	1	0.53519857
1	0	0.32746753
0	1	0.1473733
1	0	0.08774698
0	1	0.31977162
1	0	-0.04901763
0	1	0.53519857
1	0	-0.24839254
