0	1	0.14724442
1	0	0.48403086
1	0	-0.71921614
1	0	-0.3982324
0	1	0.78768658
0	1	0.68492376
0	1	0.79324869
1	0	-0.13131379
1	0	0.04349371
0	1	1
1	0	-0.04204983
0	1	0.14575039
1	0	-0.08321714
1	0	0.92644534
0	1	0.56618775
0	1	0.88569353
0	1	0.73972443
0	1	0.45343649
0	1	0.78006878
0	1	0.51445532
1	0	0.1572306
1	0	-0.319087
1	0	0.04401896
1	0	0.7590141
0	1	0.63553197
1	0	0.02472773
0	1	0.39397325
1	0	-0.39298146
1	0	0.03401216
0	1	0.77790606
0	1	0.96998715
0	1	0.9605236
0	1	0.75982699
1	0	0.70141436
1	0	-0.19971585
0	1	0.73801778
0	1	0.5736283
0	1	0.16316013
0	1	0.95664933
0	1	0.07413464
1	0	0.70191159
0	1	0.95829855
1	0	0.30686348
1	0	0.2784244
1	0	0.07241683
0	1	0.64363813
0	1	0.47572435
0	1	0.72039779
0	1	0.46107505
0	1	0.99946196
0	1	0.72847877
1	0	0.12047047
0	1	0.17803434
0	1	0.45968653
0	1	0.33549013
0	1	-0.19063114
1	0	-0.52137118
1	0	0.168663
1	0	0.74203744
0	1	0.41449794
0	1	0.55411645
0	1	0.78514042
0	1	0.77747142
0	1	0.93232976
1	0	0.00234068
1	0	-0.09253428
0	1	0.74615475
0	1	0.46931496
1	0	0.42511269
0	1	0.07204396
0	1	0.56124928
1	0	0.04294391
1	0	0.72372936
1	0	-0.06002911
1	0	-0.12706323
1	0	0.48532628
1	0	0.71992383
0	1	0.31739871
1	0	-0.57921566
1	0	-0.09692256
0	1	0.51813608
1	0	0.13723359
1	0	0.24442213
0	1	0.97545056
1	0	-0.24935107
0	1	0.75947057
1	0	0.0077487
1	0	0.02749242
0	1	0.96233607
1	0	-0.01707696
0	1	0.56728932
1	0	-0.04362458
0	1	0.6011887
1	0	-0.12578491
0	1	0.67363661
1	0	0.14857765
1	0	-0.81364999
1	0	-0.2582394
0	1	0.99846934
1	0	0.72062675
0	1	-0.19130006
0	1	0.84808452
1	0	0.92757246
1	0	0.92771384
1	0	0.35020948
1	0	0.14544502
1	0	0.03774774
1	0	-0.56862492
0	1	1
0	1	0.72875402
1	0	0.49247838
0	1	0.39772518
1	0	0.03888564
1	0	0.35985224
0	1	0.51794513
0	1	0.85970391
1	0	-0.55276566
0	1	0.49866418
0	1	0.77395286
1	0	0.24115775
0	1	0.69129876
0	1	0.93908273
0	1	0.75625619
0	1	1
1	0	-0.09367355
0	1	0.97464247
1	0	0.01895241
0	1	0.76688438
0	1	0.89273588
0	1	0.26910848
1	0	-0.2243452
1	0	-0.33676631
0	1	0.97588243
1	0	-0.82342083
0	1	0.50944075
1	0	-0.09898425
1	0	-0.01667535
1	0	0.25141477
0	1	0.79888952
0	1	0.25906226
0	1	0.97541277
0	1	0.71143172
1	0	-0.43760696
1	0	0.92461132
0	1	0.52374724
0	1	0.74447486
1	0	0.29469627
0	1	-0.19188191
1	0	-0.35645599
0	1	0.86180052
0	1	0.51155955
1	0	-0.8179307
1	0	-0.2115408
1	0	0.27855916
0	1	0.45388075
1	0	-0.22941511
0	1	0.56495713
1	0	0.69629188
1	0	-0.05791915
0	1	0.52983631
1	0	-0.06532964
0	1	-0.1924985
1	0	-0.44461411
1	0	0.54399434
0	1	0.69091851
0	1	0.66175383
0	1	0.73238933
1	0	-0.34389548
0	1	1
1	0	0.21976692
0	1	1
1	0	0.15984154
1	0	-0.32839177
0	1	0.74188265
1	0	0.92505763
1	0	-0.01943285
1	0	0.55572625
1	0	0.5607039
0	1	0.70587617
0	1	0.74365874
1	0	0.69665939
0	1	0.26617738
1	0	0.17097696
1	0	-0.38829901
0	1	0.73680063
1	0	-0.56016429
0	1	0.85043511
0	1	0.77408864
0	1	0.99890635
1	0	0.41283272
0	1	0.42690661
1	0	-0.07628331
0	1	0.99938672
0	1	0.78791714
0	1	0.72645479
0	1	1
1	0	0.19423201
0	1	0.66584772
1	0	0.1683904
1	0	0.18490378
0	1	0.59193971
1	0	0.70929678
1	0	0.08169388
1	0	0.1958713
1	0	-0.03879142
0	1	0.73085565
0	1	0.07266387
0	1	0.5956122
1	0	0.38958188
1	0	0.20723619
0	1	0.73547013
0	1	0.79474193
1	0	-0.35185723
0	1	0.96290145
0	1	0.99927372
1	0	-0.03837426
1	0	0.47908759
1	0	0.76319642
1	0	-0.37096212
1	0	-0.82208343
1	0	0.37134157
0	1	0.34407012
1	0	-0.02015211
0	1	0.14303065
0	1	0.07809406
0	1	0.99917752
1	0	-0.0465288
1	0	-0.01899853
0	1	0.7877411
0	1	0.56940134
1	0	0.48409353
1	0	0.20083729
1	0	-0.06049758
1	0	-0.13228798
0	1	0.96167292
1	0	-0.2203121
0	1	0.65999517
0	1	0.47920284
1	0	-0.00833744
0	1	0.14510858
1	0	-0.39321214
0	1	0.99861875
1	0	0.12500428
0	1	0.54953122
1	0	0.45493786
0	1	0.56612887
0	1	0.48593022
0	1	0.99989007
0	1	1
0	1	0.78814067
1	0	-0.26125077
0	1	0.14615404
1	0	-0.04071984
1	0	0.24284779
0	1	0.77586381
0	1	0.34260545
1	0	0.50448364
0	1	0.9638542
1	0	-0.71753405
0	1	0.5280714
1	0	-0.33832043
1	0	0.51665075
0	1	0.71910188
1	0	0.49660383
1	0	-0.05639415
0	1	0.49051974
0	1	0.9688237
0	1	0.26083578
0	1	0.7190374
0	1	0.59865059
1	0	0.24110119
1	0	0.4625189
0	1	0.77473803
0	1	1
1	0	0.26063485
1	0	-0.5660746
1	0	-0.7114319
0	1	0.67415374
1	0	0.27347754
1	0	0.42081095
1	0	-0.05030814
0	1	0.17333167
1	0	-0.21903104
1	0	0.03078654
0	1	0.96240495
0	1	0.96970167
0	1	0.45759804
1	0	0.24530364
1	0	0.69395145
1	0	0.74623471
0	1	0.65381657
0	1	0.56113963
0	1	0.72747222
1	0	-0.0788604
1	0	-0.38807995
0	1	0.59751312
0	1	0.69118994
0	1	0.3152888
0	1	-0.19266963
1	0	-0.25485066
0	1	0.73219897
1	0	-0.35988382
1	0	0.36536624
1	0	0.16714249
1	0	-0.4293717
1	0	-0.01918612
0	1	0.07796006
0	1	1
1	0	0.32851544
0	1	0.51661878
0	1	0.60837052
1	0	-0.39086826
0	1	0.43102212
0	1	0.73384774
1	0	0.45133117
1	0	-0.04391642
0	1	0.71329247
1	0	0.25787088
1	0	-0.07656736
1	0	0.20552368
0	1	0.52208581
0	1	0.77948369
0	1	0.6348019
0	1	0.78086819
1	0	0.24185788
1	0	-0.4459624
0	1	0.66615161
1	0	-0.81341617
1	0	-0.25152833
0	1	0.89147673
1	0	-0.21017814
1	0	-0.05167794
1	0	0.28380622
1	0	-0.09572795
1	0	0.3408021
1	0	-0.32302406
1	0	0.46739471
0	1	0.70574396
1	0	0.22231898
0	1	0.66198554
0	1	-0.00653469
0	1	0.96986699
0	1	0.50038903
0	1	0.31115123
0	1	0.72705176
1	0	0.48866772
1	0	-0.02981246
0	1	-0.0339545
0	1	0.72458494
1	0	0.72428793
1	0	-0.04079545
1	0	0.69565061
0	1	0.01659477
0	1	0.70864563
1	0	-0.40551732
0	1	0.65360147
0	1	0.56490054
1	0	-0.20351142
1	0	-0.09147559
1	0	-0.0641941
0	1	0.77917208
0	1	0.33154722
1	0	0.35776679
0	1	0.78514699
1	0	0.3592182
0	1	0.71829148
0	1	-0.1860513
1	0	0.48724877
0	1	0.77559961
1	0	-0.21127942
0	1	0.62917316
1	0	-0.38759668
1	0	0.44160909
1	0	0.70712454
0	1	0.93893246
0	1	0.76822647
0	1	1
1	0	0.117459
0	1	0.77703014
0	1	0.99907342
1	0	-0.35166356
0	1	0.2633008
0	1	0.74534619
0	1	1
0	1	-0.18951457
1	0	0.70241807
1	0	-0.24980742
1	0	0.28320709
0	1	0.69804783
1	0	0.22017865
0	1	1
1	0	-0.22389917
1	0	-0.05386126
0	1	0.88238942
0	1	0.78862517
1	0	0.26900895
1	0	-0.04103691
0	1	-0.18790774
1	0	0.22467701
1	0	0.24586392
1	0	-0.24280799
1	0	-0.53197166
1	0	0.03632361
1	0	0.09746793
0	1	0.9998918
0	1	0.4618474
0	1	0.78575928
0	1	0.71991668
1	0	-0.37920814
1	0	0.20003292
0	1	0.5732044
1	0	-0.21994186
0	1	0.60950129
0	1	1
1	0	-0.06268472
0	1	0.60569283
0	1	0.77829536
0	1	0.55354379
0	1	0.64980964
1	0	0.16986679
1	0	-0.70431289
0	1	0.96083662
1	0	-0.34829281
1	0	0.72563364
0	1	0.6597775
0	1	0.77855753
0	1	-0.18611079
1	0	-0.56627801
0	1	0.72847028
0	1	-0.18835198
1	0	-0.216878
1	0	-0.2632789
1	0	-0.03296225
0	1	0.9989609
1	0	-0.32398282
0	1	0.85383624
0	1	0.69715942
0	1	0.78765117
0	1	0.72664037
0	1	0.975779
0	1	0.71284956
1	0	0.37504258
0	1	0.74340051
0	1	1
0	1	0.93898489
0	1	0.96181401
1	0	-0.44129165
0	1	0.78376292
1	0	-0.70687836
1	0	0.0202445
1	0	0.12355858
1	0	0.75228885
0	1	-0.02502901
1	0	-0.5579638
1	0	0.26084984
1	0	0.36843945
1	0	0.27338914
0	1	0.02284773
1	0	-0.00378666
1	0	0.52191254
1	0	-0.0184952
0	1	0.93472578
1	0	-0.07855583
1	0	0.47425872
1	0	-0.07144454
1	0	0.04382583
1	0	-0.43752396
0	1	0.8799759
1	0	-0.4389247
0	1	0.60626575
0	1	0.96872123
1	0	0.01871499
1	0	0.24645005
0	1	0.78775126
0	1	0.56454145
1	0	-0.39659854
1	0	0.69562624
1	0	0.50814899
0	1	0.15563948
0	1	0.15363969
0	1	0.76197516
0	1	0.52171468
0	1	0.32379214
1	0	0.25378076
1	0	0.47745896
0	1	0.64001826
1	0	-0.58851537
0	1	0.51159041
1	0	0.22069456
0	1	0.55054452
0	1	0.31325379
0	1	0.31926688
0	1	0.75496289
1	0	0.42482893
0	1	0.61021528
1	0	-0.12810749
1	0	-0.05303936
1	0	0.04502674
1	0	0.23145705
1	0	0.49477968