0	1	0.66826367
1	0	0.73582923
0	1	-0.1393716
1	0	-0.57272482
0	1	0.76688242
1	0	-0.47492301
0	1	1
1	0	0.73332292
0	1	0.92100024
1	0	-0.37773672
0	1	0.57976162
1	0	0.52145225
0	1	0.34656575
1	0	0.20225315
0	1	0.73134637
1	0	0.06735384
0	1	-0.17754589
1	0	0.51424676
0	1	0.54780918
1	0	-0.04242357
0	1	0.14714412
1	0	-0.13012572
0	1	-0.17754589
1	0	0.79916805
0	1	0.57135117
1	0	0.26299489
0	1	0.78559631
1	0	0.53299457
0	1	0.97206354
1	0	-0.29526186
0	1	0.99999994
1	0	0.9262017
0	1	0.83515596
1	0	0.03538818
0	1	0.97160262
1	0	0.12717925
0	1	0.09972828
1	0	-0.15079269
0	1	0.97395891
1	0	0.20500019
0	1	0.686988
1	0	0.25700605
0	1	0.74634409
1	0	-0.41754511
0	1	0.58268195
1	0	0.69512039
0	1	0.43444145
1	0	-0.11374182
0	1	0.78219175
1	0	0.51398075
0	1	1
1	0	-0.24125998
0	1	0.50763774
1	0	0.266969
0	1	0.99999982
1	0	-0.73425674
0	1	0.75685787
1	0	0.59832382
0	1	0.42569694
1	0	0.03865245
0	1	0.81756145
1	0	-0.08735939
0	1	0.56927449
1	0	0.50223273
0	1	0.7379635
1	0	0.19221099
0	1	0.96640807
1	0	-0.0393267
0	1	0.50791728
1	0	0.05179529
0	1	0.70796913
1	0	-0.00833259
0	1	0.57135117
1	0	-0.7919988
0	1	0.75957233
1	0	-0.22542042
0	1	0.50570065
1	0	0.19135208
0	1	0.62566465
1	0	-0.06195472
0	1	0.35993728
1	0	0.32109869
0	1	0.80847281
1	0	-0.3984724
0	1	1
1	0	-0.07423305
0	1	0.66826367
1	0	0.00249162
0	1	0.84731984
1	0	-0.28125578
0	1	0.59233034
1	0	-0.28559059
0	1	0.58403081
1	0	0.2285682
0	1	0.13434082
1	0	0.17221749
0	1	0.29512867
1	0	-0.01217075
0	1	0.58403081
1	0	-0.29204354
0	1	0.67307073
1	0	0.73490018
0	1	-0.12807412
1	0	-0.57300365
0	1	0.76450765
1	0	-0.47135228
0	1	0.99999988
1	0	0.73048776
0	1	0.9227677
1	0	-0.39396477
0	1	0.58446819
1	0	0.5181126
0	1	0.34184691
1	0	0.19623868
0	1	0.73326904
1	0	0.08288039
0	1	-0.17892163
1	0	0.50890547
0	1	0.54420924
1	0	-0.03794267
0	1	0.14819615
1	0	-0.12543553
0	1	-0.17892163
1	0	0.79496646
0	1	0.57222378
1	0	0.25512522
0	1	0.7858761
1	0	0.53136635
0	1	0.97135091
1	0	-0.2909961
0	1	0.99999982
1	0	0.92681384
0	1	0.83055723
1	0	0.0367136
0	1	0.97150648
1	0	0.135802
0	1	0.09611311
1	0	-0.15615095
0	1	0.97401774
1	0	0.21116406
0	1	0.68980938
1	0	0.25921085
0	1	0.74484301
1	0	-0.41519496
0	1	0.58863002
1	0	0.694601
0	1	0.43595785
1	0	-0.11537313
0	1	0.78159696
1	0	0.50822347
0	1	1
1	0	-0.25207037
0	1	0.49788889
1	0	0.2676973
0	1	1
1	0	-0.73383337
0	1	0.75551587
1	0	0.59682542
0	1	0.42934501
1	0	0.02964972
0	1	0.8213408
1	0	-0.08465727
0	1	0.56740135
1	0	0.50360018
0	1	0.73853582
1	0	0.19000053
0	1	0.96619618
1	0	-0.03920559
0	1	0.50878549
1	0	0.04573384
0	1	0.71472007
1	0	-0.01010878
0	1	0.57222378
1	0	-0.79514647
0	1	0.76231319
1	0	-0.22603679
0	1	0.50736749
1	0	0.19388555
0	1	0.62302417
1	0	-0.06143606
0	1	0.35918611
1	0	0.32561153
0	1	0.80814373
1	0	-0.39315131
0	1	1
1	0	-0.07782583
0	1	0.67307073
1	0	0.00406253
0	1	0.85170478
1	0	-0.29237512
0	1	0.59435058
1	0	-0.28294328
0	1	0.59145248
1	0	0.21099836
0	1	0.13401803
1	0	0.18556994
0	1	0.29191074
1	0	-0.00466719
0	1	0.59145248
1	0	-0.29856163
0	1	0.6773715
1	0	0.73381108
0	1	-0.11687583
1	0	-0.57367933
0	1	0.76173013
1	0	-0.467112
0	1	0.99999994
1	0	0.7275306
0	1	0.92433667
1	0	-0.41007963
0	1	0.58839953
1	0	0.5159964
0	1	0.33478194
1	0	0.18996879
0	1	0.73533601
1	0	0.09840485
0	1	-0.18026556
1	0	0.49977526
0	1	0.54024661
1	0	-0.03335581
0	1	0.14863943
1	0	-0.12053405
0	1	-0.18026556
1	0	0.79102486
0	1	0.57358682
1	0	0.24787772
0	1	0.78609216
1	0	0.5293014
0	1	0.97059023
1	0	-0.28756827
0	1	1
1	0	0.92736858
0	1	0.82598948
1	0	0.03834838
0	1	0.97139269
1	0	0.14615542
0	1	0.09282052
1	0	-0.15982516
0	1	0.974172
1	0	0.21919088
0	1	0.69112545
1	0	0.26220393
0	1	0.74337548
1	0	-0.41321555
0	1	0.59478086
1	0	0.69435483
0	1	0.43754831
1	0	-0.11721813
0	1	0.78120881
1	0	0.50229377
0	1	1
1	0	-0.2620053
0	1	0.48856568
1	0	0.26795396
0	1	1
1	0	-0.7330243
0	1	0.75409973
1	0	0.59486818
0	1	0.43402314
1	0	0.02028513
0	1	0.82493532
1	0	-0.08220254
0	1	0.56639451
1	0	0.50472063
0	1	0.73796576
1	0	0.18776853
0	1	0.96587634
1	0	-0.03893367
0	1	0.50926346
1	0	0.0378343
0	1	0.72041512
1	0	-0.01187873
0	1	0.57358682
1	0	-0.79789448
0	1	0.76389855
1	0	-0.2260441
0	1	0.50832391
1	0	0.1967911
0	1	0.61858189
1	0	-0.06050457
0	1	0.35885206
1	0	0.3300603
0	1	0.80856448
1	0	-0.38784009
0	1	0.99999994
1	0	-0.08024888
0	1	0.6773715
1	0	0.00564769
0	1	0.85570157
1	0	-0.30318549
0	1	0.59654093
1	0	-0.2804113
0	1	0.59757841
1	0	0.19368446
0	1	0.13582423
1	0	0.19859509
0	1	0.28809685
1	0	0.00320651
0	1	0.59757841
1	0	-0.30304539
0	1	0.68412566
1	0	0.7323339
0	1	-0.10728389
1	0	-0.57403547
0	1	0.75875521
1	0	-0.46294904
0	1	0.99999994
1	0	0.72458345
0	1	0.92648184
1	0	-0.42543104
0	1	0.59870255
1	0	0.51116824
0	1	0.32169962
1	0	0.18457761
0	1	0.73779076
1	0	0.11225603
0	1	-0.18168756
1	0	0.4924908
0	1	0.54941297
1	0	-0.02828686
0	1	0.14502281
1	0	-0.11513739
0	1	-0.18168756
1	0	0.78516495
0	1	0.58436668
1	0	0.2416109
0	1	0.78599399
1	0	0.52750695
0	1	0.96984905
1	0	-0.28518176
0	1	1
1	0	0.92776883
0	1	0.82157481
1	0	0.0390708
0	1	0.97128528
1	0	0.15161814
0	1	0.08979659
1	0	-0.16693857
0	1	0.9743827
1	0	0.22535345
0	1	0.6886307
1	0	0.2554366
0	1	0.74264246
1	0	-0.41099602
0	1	0.60055721
1	0	0.69345146
0	1	0.43743899
1	0	-0.1168341
0	1	0.78053838
1	0	0.49721491
0	1	1
1	0	-0.27160197
0	1	0.47828335
1	0	0.26720217
0	1	1
1	0	-0.72731954
0	1	0.7527349
1	0	0.58985966
0	1	0.43783799
1	0	0.00671621
0	1	0.8282969
1	0	-0.07847168
0	1	0.56434947
1	0	0.50463742
0	1	0.73728496
1	0	0.18720561
0	1	0.96561527
1	0	-0.03588866
0	1	0.51013052
1	0	0.04030228
0	1	0.72669202
1	0	-0.01305226
0	1	0.58436668
1	0	-0.80101955
0	1	0.76568502
1	0	-0.22642007
0	1	0.51708943
1	0	0.19832711
0	1	0.6075806
1	0	-0.06003023
0	1	0.36039865
1	0	0.333891
0	1	0.80890316
1	0	-0.37991935
0	1	1
1	0	-0.08297768
0	1	0.68412566
1	0	0.00745041
0	1	0.85969621
1	0	-0.31453341
0	1	0.59814966
1	0	-0.27828047
0	1	0.60621268
1	0	0.17492284
0	1	0.13217247
1	0	0.20923071
0	1	0.28501546
1	0	0.00907299
0	1	0.60621268
1	0	-0.31705368
0	1	0.68709308
1	0	0.73160863
0	1	-0.09660388
1	0	-0.57327652
0	1	0.75639945
1	0	-0.4600341
0	1	1
1	0	0.72214693
0	1	0.92764294
1	0	-0.44114804
0	1	0.60008484
1	0	0.50903642
0	1	0.32386923
1	0	0.17820092
0	1	0.73994255
1	0	0.1262182
0	1	-0.18232533
1	0	0.48449165
0	1	0.53791952
1	0	-0.02410265
0	1	0.14569588
1	0	-0.11191183
0	1	-0.18232533
1	0	0.78254634
0	1	0.57853711
1	0	0.23373236
0	1	0.7861498
1	0	0.52506131
0	1	0.96899766
1	0	-0.28153455
0	1	1
1	0	0.92803156
0	1	0.81729412
1	0	0.04009864
0	1	0.97110879
1	0	0.15895978
0	1	0.08758942
1	0	-0.1721316
0	1	0.97461134
1	0	0.22805835
0	1	0.69444299
1	0	0.26166964
0	1	0.74118799
1	0	-0.40863782
0	1	0.60539901
1	0	0.69371575
0	1	0.44063675
1	0	-0.11899496
0	1	0.78013462
1	0	0.49094728
0	1	1
1	0	-0.28182441
0	1	0.47056794
1	0	0.26795003
0	1	1
1	0	-0.72916716
0	1	0.75151753
1	0	0.58809763
0	1	0.44242999
1	0	0.00189138
0	1	0.83166879
1	0	-0.07570875
0	1	0.56375313
1	0	0.50390434
0	1	0.73699176
1	0	0.18379201
0	1	0.96529043
1	0	-0.03710157
0	1	0.51041925
1	0	0.03166758
0	1	0.73252529
1	0	-0.01367351
0	1	0.57853711
1	0	-0.80322903
0	1	0.76696986
1	0	-0.2249774
0	1	0.5142979
1	0	0.20242974
0	1	0.60983533
1	0	-0.05939047
0	1	0.35583106
1	0	0.33793014
0	1	0.80830532
1	0	-0.37614906
0	1	1
1	0	-0.08509993
0	1	0.68709308
1	0	0.00910861
0	1	0.86305201
1	0	-0.32427612
0	1	0.59949291
1	0	-0.27647778
0	1	0.61373758
1	0	0.15691213
0	1	0.13336346
1	0	0.22180943
0	1	0.28267908
1	0	0.01774865
0	1	0.61373758
1	0	-0.31942713
