0	1	0.33747154
0	1	0.78844911
0	1	0.39882787
1	0	-0.21561336
1	0	0.24011371
1	0	0.12434509
1	0	-0.06644168
1	0	-0.10198306
1	0	0.11912432
1	0	-0.07576427
0	1	0.99896096
1	0	-0.05250707
0	1	0.40660693
1	0	-0.04977115
1	0	0.74938563
1	0	-0.07037162
0	1	0.99890635
1	0	-0.03701708
1	0	0.10535241
0	1	0.72346499
1	0	-0.76440003
1	0	0.09807363
1	0	-0.12706225
0	1	0.49042467
1	0	-0.05090114
0	1	1
0	1	0.34445391
0	1	-0.15730092
0	1	0.96693822
0	1	0.57439454
1	0	-0.43370643
1	0	0.13886289
0	1	1
0	1	0.35082594
1	0	0.02478154
1	0	0.91736414
1	0	-0.10874611
0	1	1
1	0	0.08972109
1	0	0.53253961
1	0	-0.31239513
0	1	0.13432475
1	0	0.2636081
1	0	0.5566506
0	1	0.5515463
1	0	0.70545576
1	0	-0.10362406
1	0	0.23770979
1	0	-0.15923583
1	0	0.53324302
0	1	0.7156632
1	0	0.26388536
1	0	0.75539237
1	0	-0.11314308
1	0	0.75716152
0	1	0.6096099
0	1	0.81303948
1	0	0.52995358
0	1	0.78640654
1	0	0.09600478
0	1	0.55135926
1	0	0.5676689
1	0	0.7438493
1	0	-0.51411153
0	1	0.72886033
1	0	0.02915285
0	1	-0.1527012
1	0	0.74154682
1	0	-0.08209139
1	0	0.53247494
0	1	0.65160411
0	1	0.8992422
1	0	0.54375329
1	0	-0.33712851
1	0	-0.03443659
1	0	0.91010622
0	1	0.54266502
0	1	0.40471713
1	0	0.74151239
1	0	0.26515229
1	0	-0.43416496
0	1	0.62522188
1	0	-0.3353144
1	0	-0.01478604
0	1	-0.21526257
0	1	1
0	1	0.56015574
1	0	0.26915478
0	1	0.87152956
1	0	-0.03354736
0	1	0.97482848
0	1	0.80608452
0	1	0.7681389
0	1	0.97555958
0	1	0.55551686
0	1	0.33015472
1	0	0.46348978
1	0	0.32893644
1	0	-0.03612582
1	0	0.01520598
1	0	-0.55239992
0	1	0.77842213
1	0	0.20387675
1	0	0.70643042
1	0	0.83242831
0	1	-0.14710561
0	1	0.7927761
0	1	0.598007
0	1	0.78591283
1	0	0.37104262
1	0	0.07215705
0	1	0.90453312
0	1	0.53686663
0	1	1
0	1	0.76293585
0	1	0.60509807
1	0	0.01677804
1	0	-0.17527319
1	0	0.26760561
1	0	0.03191552
0	1	0.50747369
1	0	-0.10632812
1	0	0.75459325
0	1	-0.22646549
1	0	-0.16449407
0	1	0.59719917
0	1	0.63128128
1	0	0.11191902
0	1	0.75812957
0	1	1
1	0	-0.08905659
0	1	0.97618835
1	0	0.47266042
0	1	0.72958155
0	1	0.80433303
0	1	0.86242984
1	0	-0.50984783
0	1	0.54500915
0	1	0.33777263
1	0	-0.21966253
1	0	0.27533024
0	1	-0.23462304
1	0	-0.43681875
0	1	0.40839155
0	1	0.97201804
0	1	0.66117479
1	0	0.54928836
0	1	0.49144182
1	0	-0.21139193
0	1	0.80295916
0	1	0.59818419
0	1	0.99927372
1	0	-0.08416108
1	0	-0.1077683
1	0	-0.2183938
0	1	0.17075347
1	0	-0.10570991
1	0	-0.0295216
0	1	0.89830253
0	1	0.86743312
0	1	0.73648226
0	1	0.15091273
1	0	-0.0132685
0	1	0.87709431
0	1	0.71202801
0	1	0.56100929
1	0	0.11570371
1	0	-0.43630949
1	0	-0.2371842
1	0	-0.03003996
1	0	0.84902427
1	0	0.82706488
1	0	0.26038354
0	1	0.67711619
0	1	0.78570735
1	0	0.13894602
1	0	0.34549665
1	0	0.83706773
1	0	-0.06800485
1	0	0.57611284
0	1	0.61878457
0	1	0.53500307
0	1	1
0	1	0.16393468
0	1	0.5165735
0	1	0.40757408
1	0	-0.5064581
0	1	0.97398826
1	0	-0.05513538
1	0	0.53214301
1	0	-0.18989277
1	0	-0.42708453
0	1	0.76320574
0	1	0.7808566
1	0	-0.07369366
1	0	0.18309692
1	0	0.18207456
1	0	0.70159983
1	0	0.20750074
1	0	-0.27081456
0	1	0.96416649
0	1	0.49537739
1	0	-0.01340152
1	0	-0.73125927
0	1	0.51771451
0	1	0.48417004
0	1	0.90710065
0	1	0.12211967
0	1	0.40260072
0	1	0.52719699
1	0	0.18210325
1	0	0.28026682
1	0	-0.11041364
0	1	0.7883273
0	1	-0.24340794
1	0	-0.05488652
1	0	0.37399595
1	0	-0.01106827
1	0	0.05664634
0	1	1
0	1	0.73459966
0	1	0.62592185
1	0	-0.08663969
1	0	-0.11761632
0	1	0.77083289
0	1	0.6395334
0	1	0.77816712
1	0	0.56258615
0	1	0.76434418
0	1	0.48460621
0	1	0.53323292
1	0	0.55970867
0	1	0.5630645
1	0	-0.54848096
1	0	0.91884719
0	1	-0.16321075
1	0	-0.75827306
1	0	0.56806409
1	0	-0.42976297
0	1	0.14549167
0	1	0.97615327
1	0	-0.56425812
1	0	0.45413856
1	0	-0.23858522
0	1	0.67819369
0	1	0.6236193
1	0	0.03928828
1	0	-0.0371386
0	1	0.9998918
0	1	0.59891617
0	1	0.48889133
1	0	-0.22000074
1	0	-0.21406584
1	0	0.76113338
1	0	0.15127813
1	0	-0.72734944
1	0	0.54632484
1	0	0.91059948
1	0	-0.55838317
1	0	0.91738699
0	1	0.41975509
0	1	0.79074578
0	1	0.54815789
1	0	0.26105908
1	0	-0.43130861
1	0	-0.56012179
1	0	0.05623145
1	0	0.70769475
1	0	0.5527338
1	0	0.28167276
0	1	0.99938672
1	0	0.25340336
1	0	-0.07163047
0	1	0.60909277
0	1	0.77262195
0	1	0.42323002
0	1	0.51817216
1	0	0.02648797
0	1	0.80529506
1	0	0.02579455
0	1	0.99907342
0	1	0.9747813
0	1	0.57341492
1	0	-0.4306511
1	0	-0.17731997
1	0	-0.2304054
0	1	0.99946196
0	1	0.41765956
1	0	0.54589426
1	0	0.55235272
1	0	-0.20587076
1	0	-0.14520848
1	0	0.08859955
0	1	0.63911076
0	1	0.7282568
1	0	-0.43366364
1	0	-0.08953548
1	0	-0.14466317
0	1	1
0	1	0.7613528
0	1	0.67728191
0	1	1
0	1	0.53193813
1	0	-0.07307339
1	0	-0.16023192
1	0	-0.03774751
0	1	0.56097671
1	0	-0.09844175
0	1	0.52826
0	1	0.76361023
0	1	0.79824262
0	1	0.41549563
0	1	0.88138644
0	1	0.63997117
0	1	0.97216529
0	1	0.38298223
1	0	0.10563558
0	1	0.15243102
0	1	0.58436757
1	0	-0.2005943
0	1	0.99917752
1	0	-0.08851816
0	1	0.12862354
1	0	0.7427883
1	0	0.28857638
1	0	-0.30907179
0	1	0.17505714
1	0	0.44358942
0	1	0.99846934
1	0	-0.16056642
1	0	-0.07799807
0	1	-0.16233561
1	0	0.18735634
0	1	0.5263729
0	1	0.99989007
1	0	-0.74771647
1	0	-0.02137221
1	0	-0.43478864
1	0	0.1817631
0	1	0.68072339
0	1	0.78515739
0	1	0.97137535
0	1	0.80792323
1	0	0.47781656
1	0	0.26445724
0	1	0.15574369
1	0	0.33300578
1	0	0.53600581
0	1	-0.15849936
0	1	0.54792205
1	0	-0.00777333
1	0	0.23207616
1	0	-0.49936091
0	1	0.54263261
0	1	0.78736596
0	1	0.6188728
0	1	0.5913782
0	1	0.50846958
0	1	-0.14480493
1	0	0.22299099
1	0	0.24144584
0	1	0.76942747
1	0	-0.50284102
1	0	-0.32257658
1	0	0.73993433
0	1	0.50827953
0	1	0.77319046
1	0	-0.76998657
0	1	0.54714459
0	1	0.96594303
0	1	0.55704362
0	1	-0.1415544
1	0	0.32250552
1	0	0.84311511
1	0	-0.07596564
1	0	0.38927762
0	1	0.61814505
1	0	-0.30581558
0	1	0.96548418
1	0	0.35724916
1	0	0.11394389
1	0	0.06766212
0	1	0.5512357
0	1	0.16385295
1	0	0.01522584
1	0	-0.31538534
0	1	0.61841648
0	1	0.97396101
1	0	-0.07022782
0	1	0.80483189
1	0	-0.09382796
0	1	0.56918726
0	1	0.31835185
1	0	-0.2547272
1	0	-0.21824011
0	1	0.41326289
1	0	0.02121388
0	1	-0.15381777
0	1	0.64129729
0	1	0.56230101
0	1	0.10695644
0	1	0.76489481
0	1	0.53710699
0	1	0.99861875
1	0	0.20593879
0	1	0.11614155
0	1	0.74249978
0	1	0.78088286
0	1	0.14888744
0	1	-0.20766612
1	0	0.12548696
0	1	0.35712521
1	0	0.53743797
1	0	-0.73014144
1	0	0.02767671
0	1	0.4042639
0	1	1
0	1	0.77642281
1	0	0.59107698
0	1	0.54424029
1	0	-0.00540824
1	0	0.53115573
0	1	0.5627816
1	0	-0.32019665
0	1	0.49774335
0	1	-0.14096645
0	1	0.3915041
0	1	0.13320932
0	1	0.77989027
0	1	0.55392944
1	0	0.20880581
0	1	0.72716961
0	1	0.97135534
1	0	0.53310105
0	1	0.63331611
0	1	0.78996727
0	1	0.72627178
0	1	0.97547699
0	1	0.72851125
0	1	0.49803204
0	1	0.49569598
0	1	0.41179971
1	0	-0.2484836
1	0	-0.11596803
0	1	0.72559079
1	0	-0.11488796
1	0	0.20742277
1	0	-0.1830545
1	0	0.35689732
1	0	-0.21749723
1	0	-0.32879479
1	0	-0.05327979
0	1	0.97463448
0	1	0.6107304
1	0	0.52712659
0	1	0.76313302
0	1	0.71891523
0	1	0.68113855
1	0	-0.17109501
1	0	-0.72146293
1	0	0.04223959
0	1	0.97477144
0	1	0.96605995
1	0	-0.3189222
1	0	0.58310589
0	1	0.78714987
0	1	0.4826384
0	1	0.72440099
0	1	0.78637155
0	1	0.60648843
0	1	0.34524111
1	0	0.58826057
0	1	1
0	1	0.89272325
1	0	0.70494618
1	0	0.26450061
0	1	0.5624242
1	0	0.00490723
0	1	0.77548202
1	0	0.34405352
0	1	0.6324277
0	1	0.486843
1	0	0.0967491
1	0	-0.0442554
0	1	1
0	1	0.49579617
1	0	0.22904569
0	1	0.63976952
1	0	0.01094145
0	1	0.97114782
0	1	0.64111405
1	0	0.00742879
1	0	-0.10245464
1	0	-0.72741449
0	1	0.55145131
0	1	0.56288622
0	1	1
1	0	-0.75142918
0	1	0.32464732
0	1	0.34132144