1	0	0.04465033
1	0	0.72912598
1	0	0.00354113
0	1	0.97021131
1	0	0.00608406
1	0	-0.04319343
1	0	0.53440743
0	1	0.09479463
0	1	0.96838751
1	0	0.51582224
0	1	0.68929584
1	0	-0.11637125
1	0	0.00137863
1	0	-0.11243259
0	1	0.78045522
0	1	0.14846543
1	0	-0.0729001
1	0	0.50336826
1	0	0.08303186
0	1	0.14794545
0	1	1
1	0	0.15195697
1	0	-0.03698144
1	0	0.1889073
1	0	-0.31880968
0	1	0.96498659
0	1	1
1	0	0.50731377
1	0	-0.0803675
1	0	0.7366984
1	0	-0.01370229
0	1	0.75444087
1	0	0.78539695
1	0	-0.32546361
1	0	0.22301317
1	0	0.48441468
0	1	0.67242816
0	1	0.99890635
1	0	-0.29935516
1	0	0.49872814
0	1	0.7625149
0	1	0.97261934
1	0	0.33811948
0	1	1
1	0	-0.3901428
0	1	0.58533628
0	1	0.57168045
0	1	-0.17845654
0	1	0.44023637
1	0	-0.44068971
1	0	0.20330898
0	1	0.59642798
0	1	0.13568337
1	0	-0.28160664
1	0	-0.25313584
0	1	0.5418477
0	1	-0.14117357
0	1	0.78134071
0	1	0.6757163
1	0	0.09887754
0	1	0.78554919
0	1	-0.17961753
1	0	0.157093
0	1	0.9998918
1	0	0.12614845
1	0	-0.46061232
0	1	0.73670769
0	1	0.59891289
1	0	0.58990468
0	1	0.74537998
0	1	0.73819656
1	0	-0.17242807
1	0	0.52004171
0	1	0.92190109
0	1	0.75129181
1	0	-0.80404967
0	1	0.66724445
1	0	-0.03854818
1	0	-0.27669973
0	1	0.58318449
1	0	-0.15535287
1	0	-0.41307947
1	0	-0.80108913
1	0	0.18333178
0	1	0.97256272
0	1	0.50955824
1	0	0.79084363
1	0	0.6951492
1	0	-0.41150722
1	0	0.73173603
0	1	1
1	0	0.25642028
0	1	0.97135121
1	0	-0.47084094
1	0	-0.47484834
1	0	-0.27102412
0	1	0.61272954
1	0	-0.30503762
0	1	0.73907234
1	0	0.22749895
1	0	0.25864096
1	0	0.50490445
0	1	-0.18273155
1	0	0.01683413
1	0	0.73518164
0	1	0.99938672
0	1	0.78541692
1	0	0.03496932
0	1	0.54483577
0	1	0.81651182
1	0	-0.27663234
1	0	0.18752117
0	1	0.50733532
0	1	0.57255443
0	1	0.59731577
0	1	0.57048806
0	1	0.76144093
0	1	0.78478854
1	0	-0.39855555
1	0	-0.41598934
1	0	0.69442053
1	0	0.16123977
0	1	0.35844953
1	0	-0.28671632
1	0	0.00800801
0	1	-0.09766983
0	1	0.73575192
1	0	0.73192483
1	0	0.05113937
1	0	0.17757736
1	0	0.80064087
0	1	0.36101295
0	1	1
0	1	0.28253665
0	1	0.43712082
1	0	0.26941894
1	0	0.26811059
1	0	0.21178978
0	1	0.43737931
1	0	0.19287004
1	0	-0.26206889
1	0	0.202719
0	1	-0.17863384
0	1	0.62368649
0	1	-0.18082799
0	1	0.5084724
1	0	0.24107112
1	0	0.00858692
0	1	0.3594666
0	1	0.13301241
1	0	0.50525942
1	0	0.50243482
0	1	0.97156733
1	0	0.32550293
1	0	-0.79052107
0	1	0.14771341
1	0	0.2256654
0	1	0.42451094
1	0	0.92729546
1	0	-0.12026554
0	1	0.73230371
0	1	0.51127339
1	0	-0.06105664
1	0	0.04140865
0	1	0.60067233
0	1	0.59496287
0	1	0.75517037
1	0	0.33326702
0	1	0.77971444
0	1	0.78129085
1	0	0.03109827
0	1	0.58428606
0	1	-0.1053583
1	0	-0.38072784
1	0	0.92698255
0	1	0.57802751
1	0	-0.22513612
0	1	0.83199067
1	0	0.18996106
0	1	0.67652912
0	1	0.59040525
0	1	0.83600518
0	1	0.56359851
0	1	0.66775797
1	0	-0.28187741
1	0	-0.01301672
1	0	-0.0821967
0	1	0.68769383
0	1	0.73418041
0	1	0.96589338
1	0	-0.57434452
1	0	0.69447422
1	0	0.53273585
1	0	0.73375307
1	0	-0.73453323
0	1	0.33338126
0	1	0.28829294
0	1	0.85984002
0	1	0.99989007
0	1	0.35586031
0	1	0.09647195
0	1	0.13490092
0	1	1
0	1	0.13462978
1	0	0.23427875
0	1	0.5482981
0	1	0.74062452
0	1	0.99846934
1	0	0.50121741
0	1	0.61897278
1	0	0.13610025
1	0	-0.57276018
0	1	1
0	1	0.99917752
0	1	-0.1791563
0	1	0.9989609
1	0	-0.28513157
1	0	-0.28567217
1	0	-0.16752571
0	1	0.68417169
0	1	0.78563516
0	1	0.75266286
1	0	-0.31563837
1	0	0.26116313
0	1	0.84719084
0	1	0.85505693
0	1	0.80946784
1	0	-0.0854645
0	1	0.44346857
1	0	0.26203913
1	0	-0.72975212
0	1	1
0	1	0.68713484
1	0	0.33152245
1	0	-0.57254707
1	0	0.19881934
0	1	0.96988092
1	0	0.19950112
0	1	0.80973976
0	1	0.47785439
1	0	0.03951012
0	1	0.82226709
0	1	0.61453777
0	1	0.74129786
0	1	0.96707859
0	1	0.29196054
0	1	0.53720283
0	1	0.59054647
1	0	0.51248817
1	0	0.18340747
1	0	-0.11991943
0	1	0.57323053
1	0	-0.28263817
1	0	-0.06069025
0	1	0.73091074
0	1	0.57737189
0	1	0.92467061
1	0	-0.29288726
0	1	-0.12807739
0	1	0.7641437
1	0	-0.08811464
1	0	0.03926496
0	1	0.9711224
0	1	0.78435541
1	0	0.25460405
0	1	0.58487684
1	0	-0.24127881
1	0	-0.46275076
1	0	-0.73144565
0	1	0.28559648
0	1	0.97104677
1	0	0.00460289
1	0	-0.28043878
1	0	-0.07898052
0	1	0.50612861
1	0	0.00212298
0	1	0.58233066
1	0	0.59388851
1	0	0.7945512
0	1	0.73330293
0	1	0.97158798
0	1	0.99861875
0	1	0.59653252
1	0	0.12710484
0	1	0.76523002
0	1	0.58837387
1	0	0.25525407
1	0	0.92453591
0	1	0.82648993
0	1	0.96590207
0	1	0.4337744
1	0	0.03824403
1	0	-0.03899369
1	0	-0.22542177
0	1	0.4367267
1	0	0.59748615
0	1	0.82890693
0	1	0.50781342
0	1	0.62591151
0	1	0.7269163
1	0	0.53001232
1	0	-0.22479281
1	0	0.48998175
0	1	0.92669108
1	0	0.02013458
1	0	0.32262866
0	1	0.86300574
0	1	0.59790743
1	0	-0.03846091
0	1	0.83048213
1	0	0.17373163
0	1	0.75827238
0	1	0.96994776
0	1	-0.18177908
0	1	0.14476218
1	0	0.69369546
0	1	0.13393659
0	1	0.57782291
0	1	0.54672672
0	1	0.60437456
0	1	0.6934871
1	0	-0.00464838
1	0	-0.13133974
1	0	-0.30190196
0	1	1
1	0	0.18623384
0	1	0.50866377
1	0	-0.11088983
1	0	0.14579023
1	0	0.26751402
1	0	-0.15811162
1	0	-0.22767148
0	1	0.81638551
1	0	-0.40939711
0	1	0.50939893
1	0	0.11262542
0	1	0.71624043
1	0	0.59863494
0	1	0.59105119
0	1	0.97169996
1	0	0.26554923
1	0	0.72684342
0	1	0.34665689
0	1	0.75411407
0	1	0.92330328
1	0	0.5173839
0	1	0.8090253
0	1	0.32185015
1	0	0.21684638
0	1	0.74583546
1	0	0.21258764
1	0	-0.46681278
0	1	0.76574912
1	0	-0.39247315
1	0	-0.01110213
1	0	-0.1152699
0	1	1
1	0	-0.22623242
0	1	0.68745184
0	1	0.73800722
1	0	-0.08401992
1	0	0.52309566
1	0	0.72126536
1	0	0.01008214
1	0	-0.03923435
0	1	0.60150909
0	1	0.49517457
0	1	0.67312813
1	0	0.06858732
0	1	1
0	1	1
0	1	0.51753988
0	1	0.08805266
1	0	0.50709577
0	1	0.606749
0	1	-0.17895893
0	1	0.42996996
0	1	0.7081291
1	0	-0.57405266
0	1	0.82513577
1	0	-0.15179156
1	0	-0.79664892
0	1	0.29618068
0	1	0.56493165
1	0	0.19779599
0	1	0.4697006
0	1	0.6043804
0	1	0.43322425
1	0	-0.00885112
1	0	-0.11354843
0	1	-0.11666166
0	1	0.51370012
1	0	0.69634089
0	1	0.14559795
1	0	0.19448224
1	0	-0.3756781
0	1	0.73919503
0	1	0.34236528
0	1	0.80678639
0	1	0.9661009
0	1	0.56684482
1	0	0.52731145
1	0	-0.06245178
1	0	0.51432193
1	0	0.24875568
0	1	0.85175025
0	1	-0.18185641
1	0	0.04080024
1	0	-0.31743253
1	0	0.72315262
0	1	0.35869249
1	0	-0.07721142
1	0	0.92750482
0	1	0.61011839
0	1	1
0	1	0.757036
1	0	-0.05932583
0	1	0.78011866
0	1	0.99946196
1	0	-0.72732189
0	1	0.6053414
0	1	0.69153737
0	1	0.5841248
0	1	0.43443404
1	0	-0.08193175
0	1	0.56710622
1	0	0.22855146
1	0	-0.12536828
1	0	0.03092198
1	0	-0.28124374
0	1	0.99907336
1	0	-0.42549589
1	0	-0.29535292
1	0	0.20568728
0	1	-0.18017374
0	1	0.08965324
0	1	0.97286912
0	1	1
0	1	0.74385061
0	1	0.75827061
0	1	0.32175551
1	0	0.19147076
1	0	0.9276654
1	0	0.2622854
0	1	0.50767169
0	1	0.74267143
1	0	0.00345837
1	0	0.51151034
0	1	0.68539281
0	1	0.76506503
1	0	-0.03237049
1	0	0.73463861
1	0	0.2673362
0	1	0.58931891
1	0	0.78419228
1	0	-0.3941178
1	0	-0.11769122
0	1	0.68758747
0	1	0.97337622
1	0	-0.73300603
0	1	0.76661177
1	0	0.19206795
1	0	0.0379938
1	0	-0.02403199
0	1	0.72052561
1	0	-0.0362376
0	1	0.92966058
1	0	0.50842215
1	0	-0.41714283
1	0	-0.57455072
1	0	-0.40767036
0	1	0.5699154
1	0	-0.07526242
1	0	0.18936907
0	1	0.59403573
0	1	0.09997603
1	0	-0.02904038
1	0	-0.37675774
1	0	0.19640622
1	0	0.0361994
0	1	0.82019872
0	1	0.57312088
1	0	-0.29245499
1	0	0.58701255
1	0	-0.29136202
1	0	0.5083478
1	0	0.49774948
1	0	0.49278905
1	0	-0.01344714
0	1	0.97202106
1	0	-0.01314772
0	1	0.48972618
0	1	0.59794805
1	0	-0.79229657
1	0	-0.06104359
1	0	0.17475768
0	1	0.99927372
1	0	0.20907472
0	1	0.80880842
0	1	0.56973126