0	1	0.80672115
1	0	0.66459197
0	1	0.05931731
1	0	-0.44449151
0	1	0.72612768
1	0	-0.34304273
0	1	1
1	0	0.42280352
0	1	0.90846646
1	0	-0.70588171
0	1	0.80808556
1	0	0.15816866
0	1	0.50988972
1	0	-0.14440815
0	1	0.80235058
1	0	0.39831725
0	1	-0.16768444
1	0	0.04930979
0	1	0.24204452
1	0	0.17226122
0	1	0.07121519
1	0	0.10986677
0	1	-0.16768444
1	0	0.66454262
0	1	0.44252008
1	0	-0.01780103
0	1	0.83878785
1	0	0.50798351
0	1	0.90643001
1	0	0.04946245
0	1	1
1	0	0.87111211
0	1	0.49083716
1	0	0.06336866
0	1	0.95222729
1	0	0.17375073
0	1	0.02236109
1	0	-0.30005583
0	1	0.97952741
1	0	0.02382561
0	1	0.70670474
1	0	0.34282878
0	1	0.66259158
1	0	-0.32733881
0	1	0.8229872
1	0	0.70544404
0	1	0.49959567
1	0	-0.09085481
0	1	0.75918627
1	0	0.30922252
0	1	0.99999988
1	0	-0.28883135
0	1	0.29879701
1	0	0.25803921
0	1	1
1	0	-0.51363659
0	1	0.80829334
1	0	0.24297543
0	1	0.6281361
1	0	-0.28792942
0	1	0.87162191
1	0	-0.01586235
0	1	0.66110831
1	0	0.3719503
0	1	0.42328238
1	0	0.07596122
0	1	0.92223454
1	0	0.01717529
0	1	0.56319857
1	0	-0.0644873
0	1	0.72850764
1	0	-0.16979526
0	1	0.44252008
1	0	-0.72984356
0	1	0.69588262
1	0	-0.02168166
0	1	0.57374156
1	0	0.44063348
0	1	0.70687032
1	0	0.06002152
0	1	0.35333908
1	0	0.41313723
0	1	0.82773459
1	0	-0.16354303
0	1	1
1	0	-0.2191931
0	1	0.80672115
1	0	0.18930897
0	1	0.92206693
1	0	-0.2642374
0	1	0.59567976
1	0	-0.15293099
0	1	0.78465462
1	0	-0.48920509
0	1	0.24876145
1	0	0.53151643
0	1	0.048305
1	0	0.02314456
0	1	0.78465462
1	0	-0.48155561
0	1	0.80611837
1	0	0.66685116
0	1	0.06087616
1	0	-0.44589147
0	1	0.72577256
1	0	-0.34780517
0	1	0.99999994
1	0	0.42898989
0	1	0.9094317
1	0	-0.70540601
0	1	0.80718452
1	0	0.16319247
0	1	0.50840288
1	0	-0.14219251
0	1	0.80327898
1	0	0.39869121
0	1	-0.16822271
1	0	0.0532193
0	1	0.24303481
1	0	0.17342612
0	1	0.07355879
1	0	0.10756911
0	1	-0.16822271
1	0	0.66378129
0	1	0.44232199
1	0	-0.01571571
0	1	0.83794117
1	0	0.50642312
0	1	0.90718699
1	0	0.04588297
0	1	1
1	0	0.87122607
0	1	0.4935472
1	0	0.06131291
0	1	0.95248365
1	0	0.17426209
0	1	0.02302571
1	0	-0.29572907
0	1	0.97994119
1	0	0.02605608
0	1	0.70806062
1	0	0.34253183
0	1	0.66322762
1	0	-0.32810858
0	1	0.82198077
1	0	0.70624816
0	1	0.49910277
1	0	-0.09121597
0	1	0.75957525
1	0	0.30928487
0	1	0.99999988
1	0	-0.29151064
0	1	0.30105135
1	0	0.25881678
0	1	1
1	0	-0.5177862
0	1	0.80816293
1	0	0.24340098
0	1	0.6294772
1	0	-0.28780609
0	1	0.87217808
1	0	-0.0163096
0	1	0.66028088
1	0	0.37056223
0	1	0.42784396
1	0	0.07693876
0	1	0.92279714
1	0	0.01626766
0	1	0.56261408
1	0	-0.06588317
0	1	0.73107642
1	0	-0.16579908
0	1	0.44232199
1	0	-0.7313661
0	1	0.69774771
1	0	-0.02375133
0	1	0.57347983
1	0	0.43768504
0	1	0.70531243
1	0	0.06243684
0	1	0.35235053
1	0	0.41353393
0	1	0.8266865
1	0	-0.16493785
0	1	0.99999994
1	0	-0.21768849
0	1	0.80611837
1	0	0.18746632
0	1	0.92202193
1	0	-0.27005541
0	1	0.59574699
1	0	-0.1544776
0	1	0.78530538
1	0	-0.48729488
0	1	0.24870257
1	0	0.52984291
0	1	0.05190737
1	0	0.02759419
0	1	0.78530538
1	0	-0.48081294
0	1	0.80555993
1	0	0.66893363
0	1	0.06167617
1	0	-0.44668326
0	1	0.72539461
1	0	-0.35162216
0	1	0.99999994
1	0	0.43466786
0	1	0.91055834
1	0	-0.70482379
0	1	0.80573237
1	0	0.16827247
0	1	0.50693816
1	0	-0.13928333
0	1	0.80423391
1	0	0.39948925
0	1	-0.16895512
1	0	0.05906405
0	1	0.24503361
1	0	0.17433794
0	1	0.0755626
1	0	0.10571907
0	1	-0.16895512
1	0	0.66305238
0	1	0.4428854
1	0	-0.01351602
0	1	0.83716232
1	0	0.50471133
0	1	0.90805858
1	0	0.04217001
0	1	0.99999988
1	0	0.87150443
0	1	0.49618733
1	0	0.05961499
0	1	0.9527728
1	0	0.17378142
0	1	0.02378707
1	0	-0.29129219
0	1	0.98032004
1	0	0.02762374
0	1	0.70965499
1	0	0.34228492
0	1	0.66400582
1	0	-0.32894152
0	1	0.82083374
1	0	0.7070173
0	1	0.49656135
1	0	-0.09168546
0	1	0.76007873
1	0	0.30968946
0	1	1
1	0	-0.29435802
0	1	0.30294573
1	0	0.25917819
0	1	0.99999994
1	0	-0.52079308
0	1	0.80812949
1	0	0.24347261
0	1	0.63054085
1	0	-0.28640723
0	1	0.87273598
1	0	-0.0165557
0	1	0.65976387
1	0	0.3694261
0	1	0.43241829
1	0	0.07706893
0	1	0.92335111
1	0	0.01484581
0	1	0.56169075
1	0	-0.0655726
0	1	0.73331326
1	0	-0.16151205
0	1	0.4428854
1	0	-0.73320723
0	1	0.70039505
1	0	-0.02673821
0	1	0.57256323
1	0	0.43547517
0	1	0.70418561
1	0	0.06433784
0	1	0.35129774
1	0	0.41343278
0	1	0.82442588
1	0	-0.16693731
0	1	1
1	0	-0.21593221
0	1	0.80555993
1	0	0.18561444
0	1	0.92187005
1	0	-0.27600387
0	1	0.59599572
1	0	-0.15537356
0	1	0.78688413
1	0	-0.48530021
0	1	0.24907173
1	0	0.52781683
0	1	0.05607093
1	0	0.03110037
0	1	0.78688413
1	0	-0.4795664
0	1	0.80492347
1	0	0.67102152
0	1	0.06355665
1	0	-0.4478513
0	1	0.72459316
1	0	-0.35510164
0	1	0.99999994
1	0	0.44012892
0	1	0.91151834
1	0	-0.70421833
0	1	0.80431455
1	0	0.17346759
0	1	0.50584525
1	0	-0.13655776
0	1	0.80518246
1	0	0.39941496
0	1	-0.16929419
1	0	0.06262817
0	1	0.24544866
1	0	0.17500681
0	1	0.0775545
1	0	0.10367973
0	1	-0.16929419
1	0	0.66244197
0	1	0.4422183
1	0	-0.01144152
0	1	0.83654535
1	0	0.50335711
0	1	0.90879405
1	0	0.03842188
0	1	0.99999988
1	0	0.8717162
0	1	0.49922359
1	0	0.05793637
0	1	0.9530524
1	0	0.17405976
0	1	0.02497195
1	0	-0.2873013
0	1	0.9806239
1	0	0.02956388
0	1	0.7108494
1	0	0.34213021
0	1	0.66466659
1	0	-0.32958513
0	1	0.81936055
1	0	0.70775652
0	1	0.49645007
1	0	-0.09192953
0	1	0.7605328
1	0	0.31007352
0	1	1
1	0	-0.29700267
0	1	0.30513394
1	0	0.25976411
0	1	1
1	0	-0.52516949
0	1	0.80786926
1	0	0.24337009
0	1	0.63144928
1	0	-0.28600952
0	1	0.87333226
1	0	-0.01705205
0	1	0.65901005
1	0	0.36846957
0	1	0.43649057
1	0	0.07776041
0	1	0.92386085
1	0	0.01393349
0	1	0.56096494
1	0	-0.06671038
0	1	0.73514289
1	0	-0.15752488
0	1	0.4422183
1	0	-0.73465872
0	1	0.70249867
1	0	-0.02987836
0	1	0.57201791
1	0	0.43272352
0	1	0.70293778
1	0	0.06595038
0	1	0.35012874
1	0	0.41391456
0	1	0.82346755
1	0	-0.16842362
0	1	1
1	0	-0.21417855
0	1	0.80492347
1	0	0.18378772
0	1	0.92177474
1	0	-0.28166983
0	1	0.5961225
1	0	-0.15653631
0	1	0.7875008
1	0	-0.48344448
0	1	0.24860062
1	0	0.52542591
0	1	0.05932492
1	0	0.03465007
0	1	0.7875008
1	0	-0.47850668
0	1	0.80419815
1	0	0.67313343
0	1	0.0639722
1	0	-0.44902709
0	1	0.72423393
1	0	-0.35844263
0	1	1
1	0	0.44588602
0	1	0.91256714
1	0	-0.70353925
0	1	0.80298948
1	0	0.17929827
0	1	0.50468445
1	0	-0.13388009
0	1	0.80610102
1	0	0.40019175
0	1	-0.1700379
1	0	0.06461134
0	1	0.24491125
1	0	0.17530039
0	1	0.07993896
1	0	0.10104066
0	1	-0.1700379
1	0	0.6623047
0	1	0.44122073
1	0	-0.00964864
0	1	0.83594203
1	0	0.50135797
0	1	0.90981954
1	0	0.03470774
0	1	1
1	0	0.87227273
0	1	0.50277221
1	0	0.05625172
0	1	0.95337409
1	0	0.17489311
0	1	0.02574102
1	0	-0.28358608
0	1	0.98095912
1	0	0.03183229
0	1	0.71300006
1	0	0.34285644
0	1	0.66499656
1	0	-0.33050561
0	1	0.81831092
1	0	0.70861238
0	1	0.49451768
1	0	-0.0925452
0	1	0.76089346
1	0	0.31022379
0	1	1
1	0	-0.30010885
0	1	0.3071681
1	0	0.26024404
0	1	1
1	0	-0.52955258
0	1	0.80771035
1	0	0.24352007
0	1	0.63208956
1	0	-0.28378847
0	1	0.8738507
1	0	-0.01744358
0	1	0.6586808
1	0	0.36687517
0	1	0.44112724
1	0	0.07808523
0	1	0.92443532
1	0	0.01234773
0	1	0.5601517
1	0	-0.0685826
0	1	0.73677617
1	0	-0.15399247
0	1	0.44122073
1	0	-0.73617631
0	1	0.70475602
1	0	-0.03253509
0	1	0.57077628
1	0	0.43024018
0	1	0.70169193
1	0	0.06754369
0	1	0.34937325
1	0	0.41383377
0	1	0.82123631
1	0	-0.17078307
0	1	0.99999994
1	0	-0.21239795
0	1	0.80419815
1	0	0.18161505
0	1	0.92163289
1	0	-0.28818542
0	1	0.5962404
1	0	-0.15775825
0	1	0.78864396
1	0	-0.48113677
0	1	0.24902727
1	0	0.52396899
0	1	0.06335653
1	0	0.03806829
0	1	0.78864396
1	0	-0.4765352
