0	1	0.55881917
1	0	0.74485016
0	1	-0.26134601
1	0	-0.5228017
0	1	0.79828495
1	0	-0.52138269
0	1	1
1	0	0.76862115
0	1	0.87424231
1	0	-0.15041375
0	1	0.5163945
1	0	0.56268108
0	1	0.44060695
1	0	0.31394863
0	1	0.73712456
1	0	-0.16363718
0	1	-0.1125347
1	0	0.52813685
0	1	0.55872482
1	0	-0.09595474
0	1	0.06836474
1	0	-0.20010017
0	1	-0.1125347
1	0	0.86832047
0	1	0.52403319
1	0	0.4117668
0	1	0.75536197
1	0	0.51145905
0	1	0.97922176
1	0	-0.35867748
0	1	1
1	0	0.89925963
0	1	0.89374238
1	0	0.01699831
0	1	0.97229028
1	0	-0.01945344
0	1	0.22076324
1	0	-0.09884192
0	1	0.97640473
1	0	0.04117431
0	1	0.69099855
1	0	0.20919411
0	1	0.78130794
1	0	-0.43171692
0	1	0.46833971
1	0	0.71657348
0	1	0.40252748
1	0	-0.05527355
0	1	0.7925185
1	0	0.58392417
0	1	0.99999988
1	0	-0.02820424
0	1	0.64033091
1	0	0.26349875
0	1	1
1	0	-0.70971239
0	1	0.76189649
1	0	0.53869766
0	1	0.40208709
1	0	0.1428466
0	1	0.75752902
1	0	-0.12784307
0	1	0.64711988
1	0	0.40615466
0	1	0.69412941
1	0	0.21012773
0	1	0.96085787
1	0	-0.01965841
0	1	0.47020832
1	0	0.18107957
0	1	0.59075099
1	0	0.02264336
0	1	0.52403319
1	0	-0.73083705
0	1	0.70445162
1	0	-0.21008338
0	1	0.46960214
1	0	0.20150948
0	1	0.63349366
1	0	-0.08912337
0	1	0.30825105
1	0	0.23262405
0	1	0.79368013
1	0	-0.437125
0	1	1
1	0	0.0173778
0	1	0.55881917
1	0	-0.02503896
0	1	0.74212301
1	0	-0.10163794
0	1	0.5242725
1	0	-0.32861483
0	1	0.46084389
1	0	0.43291256
0	1	0.19679473
1	0	-0.04176205
0	1	0.36634722
1	0	-0.03545344
0	1	0.46084389
1	0	-0.17780973
0	1	0.57396424
1	0	0.74381769
0	1	-0.25647318
1	0	-0.53218824
0	1	0.79607981
1	0	-0.51947135
0	1	1
1	0	0.76614809
0	1	0.88109314
1	0	-0.16589627
0	1	0.52215177
1	0	0.56139141
0	1	0.43278953
1	0	0.30178633
0	1	0.73420513
1	0	-0.14588059
0	1	-0.12265834
1	0	0.52876294
0	1	0.55922824
1	0	-0.09368041
0	1	0.08467836
1	0	-0.19453399
0	1	-0.12265834
1	0	0.86154819
0	1	0.53057963
1	0	0.39785489
0	1	0.76136082
1	0	0.51832736
0	1	0.97889298
1	0	-0.35064077
0	1	1
1	0	0.90337473
0	1	0.88974839
1	0	0.01977943
0	1	0.97218525
1	0	-0.00637896
0	1	0.20414905
1	0	-0.09799299
0	1	0.97600377
1	0	0.06149243
0	1	0.68651092
1	0	0.21486752
0	1	0.77753055
1	0	-0.43329427
0	1	0.4838149
1	0	0.71434778
0	1	0.40656367
1	0	-0.06385641
0	1	0.79128927
1	0	0.57895362
0	1	0.99999994
1	0	-0.04986824
0	1	0.63531315
1	0	0.26369551
0	1	1
1	0	-0.71715015
0	1	0.76344126
1	0	0.55043161
0	1	0.40177667
1	0	0.13480233
0	1	0.76212668
1	0	-0.12396643
0	1	0.63742238
1	0	0.42018798
0	1	0.70072341
1	0	0.20960474
0	1	0.96241355
1	0	-0.02416439
0	1	0.4750635
1	0	0.16398028
0	1	0.60206187
1	0	0.02088637
0	1	0.53057963
1	0	-0.73688304
0	1	0.71231586
1	0	-0.21177152
0	1	0.47342923
1	0	0.19437708
0	1	0.63638884
1	0	-0.08444925
0	1	0.31708238
1	0	0.24270272
0	1	0.79718888
1	0	-0.43848774
0	1	1
1	0	0.0071573
0	1	0.57396424
1	0	-0.02143127
0	1	0.75547642
1	0	-0.11568081
0	1	0.53456521
1	0	-0.32635143
0	1	0.47515917
1	0	0.41806009
0	1	0.18790846
1	0	-0.01783701
0	1	0.35758743
1	0	-0.04376958
0	1	0.47515917
1	0	-0.18846145
0	1	0.58745056
1	0	0.74304515
0	1	-0.249947
1	0	-0.53986984
0	1	0.79379535
1	0	-0.51712793
0	1	1
1	0	0.76365483
0	1	0.8868323
1	0	-0.18199232
0	1	0.5272249
1	0	0.55907702
0	1	0.42291349
1	0	0.29059693
0	1	0.73204017
1	0	-0.12605153
0	1	-0.1318031
1	0	0.53206354
0	1	0.56193388
1	0	-0.09045161
0	1	0.09581581
1	0	-0.1883198
0	1	-0.1318031
1	0	0.85448694
0	1	0.53767323
1	0	0.38434672
0	1	0.76633048
1	0	0.52363211
0	1	0.97857821
1	0	-0.34304526
0	1	1
1	0	0.90700984
0	1	0.88530004
1	0	0.02226053
0	1	0.97213244
1	0	0.00502422
0	1	0.18915719
1	0	-0.09885974
0	1	0.97561723
1	0	0.07906074
0	1	0.68283188
1	0	0.21799812
0	1	0.77406108
1	0	-0.43436861
0	1	0.4959127
1	0	0.71168542
0	1	0.41021699
1	0	-0.07087924
0	1	0.79016185
1	0	0.57403743
0	1	0.99999994
1	0	-0.07023964
0	1	0.62755531
1	0	0.26338667
0	1	0.99999994
1	0	-0.71889514
0	1	0.76466662
1	0	0.55961633
0	1	0.40209883
1	0	0.1268471
0	1	0.76701844
1	0	-0.12027159
0	1	0.62838191
1	0	0.43280292
0	1	0.70666122
1	0	0.20915113
0	1	0.9635756
1	0	-0.02727401
0	1	0.47976488
1	0	0.15040286
0	1	0.61359715
1	0	0.01817497
0	1	0.53767323
1	0	-0.74348038
0	1	0.71913707
1	0	-0.2135756
0	1	0.47927657
1	0	0.19005845
0	1	0.63806438
1	0	-0.0793556
0	1	0.32894319
1	0	0.25244251
0	1	0.79977173
1	0	-0.43820089
0	1	1
1	0	-0.00302856
0	1	0.58745056
1	0	-0.01778215
0	1	0.767178
1	0	-0.1308174
0	1	0.54332983
1	0	-0.32257885
0	1	0.48495433
1	0	0.40393683
0	1	0.17906006
1	0	0.0031788
0	1	0.35068655
1	0	-0.05072578
0	1	0.48495433
1	0	-0.20019455
0	1	0.59903145
1	0	0.74249399
0	1	-0.2428958
1	0	-0.54665506
0	1	0.79145199
1	0	-0.5141862
0	1	1
1	0	0.7613591
0	1	0.8918224
1	0	-0.19934289
0	1	0.53253591
1	0	0.55639535
0	1	0.41397518
1	0	0.27989733
0	1	0.73001593
1	0	-0.10701914
0	1	-0.13975243
1	0	0.53271377
0	1	0.56379223
1	0	-0.08652107
0	1	0.1061165
1	0	-0.18285887
0	1	-0.13975243
1	0	0.84817505
0	1	0.54374748
1	0	0.37085328
0	1	0.77029973
1	0	0.5279876
0	1	0.97818035
1	0	-0.33780667
0	1	1
1	0	0.91011786
0	1	0.88143271
1	0	0.02437181
0	1	0.97209936
1	0	0.0171969
0	1	0.17565686
1	0	-0.10138869
0	1	0.97525686
1	0	0.09553209
0	1	0.68069458
1	0	0.22211175
0	1	0.77058774
1	0	-0.43456724
0	1	0.50744355
1	0	0.70912558
0	1	0.41332352
1	0	-0.07729859
0	1	0.78927296
1	0	0.56904376
0	1	1
1	0	-0.09017283
0	1	0.61862594
1	0	0.26395422
0	1	1
1	0	-0.72146058
0	1	0.76491195
1	0	0.56798375
0	1	0.4030714
1	0	0.11926518
0	1	0.77189958
1	0	-0.11658265
0	1	0.61980379
1	0	0.44445676
0	1	0.71180373
1	0	0.20833996
0	1	0.96447033
1	0	-0.03005877
0	1	0.48407164
1	0	0.13868202
0	1	0.624125
1	0	0.01577529
0	1	0.54374748
1	0	-0.7491942
0	1	0.72408479
1	0	-0.21464369
0	1	0.48387179
1	0	0.18675965
0	1	0.63917005
1	0	-0.07526721
0	1	0.33757654
1	0	0.26094294
0	1	0.80249834
1	0	-0.43727708
0	1	0.99999994
1	0	-0.0122237
0	1	0.59903145
1	0	-0.0150379
0	1	0.77784652
1	0	-0.14546125
0	1	0.55090505
1	0	-0.31900916
0	1	0.49536821
1	0	0.38924837
0	1	0.1696147
1	0	0.02172808
0	1	0.34371114
1	0	-0.05337104
0	1	0.49536821
1	0	-0.21132834
0	1	0.60880971
1	0	0.74204099
0	1	-0.23547499
1	0	-0.5528565
0	1	0.78886437
1	0	-0.51035917
0	1	1
1	0	0.75815392
0	1	0.89639962
1	0	-0.21761848
0	1	0.53782368
1	0	0.55351794
0	1	0.40740582
1	0	0.26974055
0	1	0.72821099
1	0	-0.08983757
0	1	-0.14651847
1	0	0.53206784
0	1	0.56237561
1	0	-0.0827058
0	1	0.1158433
1	0	-0.17760427
0	1	-0.14651847
1	0	0.84279323
0	1	0.54770112
1	0	0.35787314
0	1	0.77381045
1	0	0.53144616
0	1	0.97766685
1	0	-0.33301169
0	1	0.99999994
1	0	0.91293889
0	1	0.8769505
1	0	0.02532623
0	1	0.9720453
1	0	0.03080915
0	1	0.16361912
1	0	-0.10390865
0	1	0.97486377
1	0	0.11134589
0	1	0.67939866
1	0	0.2283586
0	1	0.76735413
1	0	-0.43399426
0	1	0.51819783
1	0	0.70731199
0	1	0.41592312
1	0	-0.08365224
0	1	0.78850853
1	0	0.5638653
0	1	1
1	0	-0.10920896
0	1	0.60872763
1	0	0.26427433
0	1	1
1	0	-0.72682953
0	1	0.76482701
1	0	0.57637548
0	1	0.40410283
1	0	0.113061
0	1	0.7767809
1	0	-0.11361738
0	1	0.61173844
1	0	0.45456752
0	1	0.71635038
1	0	0.20727649
0	1	0.96519738
1	0	-0.03302883
0	1	0.48789012
1	0	0.12585215
0	1	0.63293648
1	0	0.01395358
0	1	0.54770112
1	0	-0.75427908
0	1	0.72940391
1	0	-0.2154588
0	1	0.48535272
1	0	0.18391134
0	1	0.6405133
1	0	-0.07288771
0	1	0.34127164
1	0	0.26843816
0	1	0.80492663
1	0	-0.43624464
0	1	1
1	0	-0.02100357
0	1	0.60880971
1	0	-0.01288012
0	1	0.7878806
1	0	-0.15987052
0	1	0.55788994
1	0	-0.31600279
0	1	0.50838339
1	0	0.37347758
0	1	0.16318905
1	0	0.04037179
0	1	0.33689052
1	0	-0.05458584
0	1	0.50838339
1	0	-0.22030585
