0	1	0.79049563
1	0	0.69919032
0	1	0.08205777
1	0	-0.47466275
0	1	0.71153027
1	0	-0.40806782
0	1	1
1	0	0.54284054
0	1	0.92756063
1	0	-0.69342744
0	1	0.78197151
1	0	0.26817957
0	1	0.45727199
1	0	-0.07409994
0	1	0.81572044
1	0	0.40812841
0	1	-0.18054807
1	0	0.12808767
0	1	0.28524497
1	0	0.16561455
0	1	0.10988835
1	0	0.06613208
0	1	-0.18054807
1	0	0.65818399
0	1	0.45695046
1	0	0.02937669
0	1	0.82139784
1	0	0.47740367
0	1	0.92327386
1	0	-0.03376754
0	1	1
1	0	0.87986314
0	1	0.56032115
1	0	0.03823181
0	1	0.95757574
1	0	0.19224571
0	1	0.03766213
1	0	-0.25168866
0	1	0.98276764
1	0	0.0822186
0	1	0.73114383
1	0	0.3285476
0	1	0.67285645
1	0	-0.34281111
0	1	0.79831648
1	0	0.71647823
0	1	0.47590235
1	0	-0.10405329
0	1	0.76758313
1	0	0.31830508
0	1	1
1	0	-0.33689973
0	1	0.32918754
1	0	0.26423129
0	1	1
1	0	-0.58647859
0	1	0.79952747
1	0	0.26362452
0	1	0.63721025
1	0	-0.25741675
0	1	0.88064897
1	0	-0.02918066
0	1	0.64182544
1	0	0.35706323
0	1	0.51328719
1	0	0.09433862
0	1	0.93516439
1	0	-0.00651004
0	1	0.54760212
1	0	-0.08030863
0	1	0.76718473
1	0	-0.09709211
0	1	0.45695046
1	0	-0.76645726
0	1	0.73929751
1	0	-0.08299702
0	1	0.56322402
1	0	0.38063663
0	1	0.66419423
1	0	0.06975839
0	1	0.33149546
1	0	0.41151631
0	1	0.79447508
1	0	-0.19843811
0	1	0.99999994
1	0	-0.18040784
0	1	0.79049563
1	0	0.14376208
0	1	0.91760713
1	0	-0.39126426
0	1	0.60077757
1	0	-0.18218079
0	1	0.79260039
1	0	-0.44045752
0	1	0.2485102
1	0	0.49500534
0	1	0.12477038
1	0	0.10823935
0	1	0.79260039
1	0	-0.46757349
0	1	0.79099071
1	0	0.69794798
0	1	0.08159917
1	0	-0.47351265
0	1	0.71230167
1	0	-0.40585899
0	1	1
1	0	0.53657728
0	1	0.9265402
1	0	-0.6940248
0	1	0.7825442
1	0	0.26292595
0	1	0.46565509
1	0	-0.07879572
0	1	0.81529576
1	0	0.40784043
0	1	-0.17977649
1	0	0.12495734
0	1	0.27702326
1	0	0.1672038
0	1	0.10825358
1	0	0.06848647
0	1	-0.17977649
1	0	0.65976965
0	1	0.45072949
1	0	0.02627197
0	1	0.82257038
1	0	0.47899625
0	1	0.92232698
1	0	-0.02854825
0	1	1
1	0	0.87935358
0	1	0.55604953
1	0	0.0386466
0	1	0.95726645
1	0	0.19078013
0	1	0.0365889
1	0	-0.25321108
0	1	0.98280859
1	0	0.07692886
0	1	0.7313019
1	0	0.333074
0	1	0.67201269
1	0	-0.34193006
0	1	0.79858321
1	0	0.71653879
0	1	0.4770259
1	0	-0.10397408
0	1	0.76749557
1	0	0.31767112
0	1	1
1	0	-0.33419821
0	1	0.32829759
1	0	0.26417857
0	1	1
1	0	-0.58581454
0	1	0.80074161
1	0	0.26213253
0	1	0.63730723
1	0	-0.25603294
0	1	0.88032711
1	0	-0.02948225
0	1	0.64326411
1	0	0.356691
0	1	0.50795764
1	0	0.09238361
0	1	0.93440717
1	0	-0.00702783
0	1	0.54825377
1	0	-0.08150281
0	1	0.76547426
1	0	-0.10005776
0	1	0.45072949
1	0	-0.76429826
0	1	0.73720586
1	0	-0.07945614
0	1	0.56104338
1	0	0.38416013
0	1	0.67046118
1	0	0.07159699
0	1	0.33019829
1	0	0.41164219
0	1	0.79621512
1	0	-0.19768986
0	1	0.99999994
1	0	-0.18296874
0	1	0.79099071
1	0	0.14632641
0	1	0.91798478
1	0	-0.38494688
0	1	0.60080636
1	0	-0.1812526
0	1	0.79422933
1	0	-0.44349176
0	1	0.25113612
1	0	0.49686381
0	1	0.12134583
1	0	0.1043613
0	1	0.79422933
1	0	-0.465536
0	1	0.79205596
1	0	0.69640195
0	1	0.08063641
1	0	-0.47184736
0	1	0.71295542
1	0	-0.40353987
0	1	0.99999994
1	0	0.53061014
0	1	0.92572564
1	0	-0.69435877
0	1	0.78459346
1	0	0.25672382
0	1	0.46774414
1	0	-0.08304606
0	1	0.8149063
1	0	0.40774575
0	1	-0.17923921
1	0	0.12284015
0	1	0.27567902
1	0	0.1689702
0	1	0.10609677
1	0	0.07168768
0	1	-0.17923921
1	0	0.65890008
0	1	0.45049644
1	0	0.02405559
0	1	0.82348454
1	0	0.48068306
0	1	0.92135686
1	0	-0.02388273
0	1	0.99999988
1	0	0.8784048
0	1	0.55149072
1	0	0.03920664
0	1	0.95698917
1	0	0.18918969
0	1	0.03544511
1	0	-0.25504574
0	1	0.98281914
1	0	0.07377312
0	1	0.7297101
1	0	0.33280393
0	1	0.67147964
1	0	-0.34103334
0	1	0.80035013
1	0	0.71594083
0	1	0.47708032
1	0	-0.10273966
0	1	0.76724267
1	0	0.31722155
0	1	1
1	0	-0.33182329
0	1	0.32671785
1	0	0.26341411
0	1	1
1	0	-0.58134156
0	1	0.80152744
1	0	0.25977242
0	1	0.63747078
1	0	-0.25935373
0	1	0.88004684
1	0	-0.02861997
0	1	0.64411241
1	0	0.35702634
0	1	0.50297564
1	0	0.09174262
0	1	0.93367273
1	0	-0.005429
0	1	0.54910648
1	0	-0.0807234
0	1	0.76388335
1	0	-0.10325229
0	1	0.45049644
1	0	-0.76238519
0	1	0.73529851
1	0	-0.07595693
0	1	0.56259269
1	0	0.38697514
0	1	0.67201972
1	0	0.07272598
0	1	0.33107105
1	0	0.41198149
0	1	0.79830235
1	0	-0.19509321
0	1	1
1	0	-0.1851995
0	1	0.79205596
1	0	0.14920771
0	1	0.91837889
1	0	-0.37794283
0	1	0.60069358
1	0	-0.17975299
0	1	0.79421395
1	0	-0.44627386
0	1	0.25109342
1	0	0.49730569
0	1	0.117143
1	0	0.09991719
0	1	0.79421395
1	0	-0.46741122
0	1	0.79323936
1	0	0.69509172
0	1	0.07891162
1	0	-0.47061446
0	1	0.71362698
1	0	-0.40105057
0	1	1
1	0	0.5247103
0	1	0.92501783
1	0	-0.69501019
0	1	0.78638035
1	0	0.25073123
0	1	0.47025806
1	0	-0.08707593
0	1	0.81433207
1	0	0.40727055
0	1	-0.17890798
1	0	0.11972005
0	1	0.27415612
1	0	0.17051248
0	1	0.10465947
1	0	0.07390121
0	1	-0.17890798
1	0	0.65904701
0	1	0.4503462
1	0	0.0211802
0	1	0.8244189
1	0	0.48215336
0	1	0.92050844
1	0	-0.01900073
0	1	1
1	0	0.87774712
0	1	0.54736543
1	0	0.03969043
0	1	0.95672423
1	0	0.18711886
0	1	0.03419895
1	0	-0.25642639
0	1	0.98285294
1	0	0.07039598
0	1	0.7277298
1	0	0.3332676
0	1	0.67110509
1	0	-0.34033045
0	1	0.8020308
1	0	0.71554589
0	1	0.47682825
1	0	-0.10153706
0	1	0.76693124
1	0	0.31677294
0	1	1
1	0	-0.3295843
0	1	0.32522276
1	0	0.26328039
0	1	1
1	0	-0.57683414
0	1	0.80243474
1	0	0.25759375
0	1	0.63753009
1	0	-0.26131868
0	1	0.87959921
1	0	-0.02762812
0	1	0.64523846
1	0	0.35706383
0	1	0.49859965
1	0	0.09059429
0	1	0.93297899
1	0	-0.00419886
0	1	0.54995298
1	0	-0.07980875
0	1	0.76197475
1	0	-0.10662024
0	1	0.4503462
1	0	-0.760382
0	1	0.73336279
1	0	-0.07243595
0	1	0.56365097
1	0	0.39017236
0	1	0.67388302
1	0	0.0738552
0	1	0.33209887
1	0	0.41164461
0	1	0.80011714
1	0	-0.19306692
0	1	1
1	0	-0.18728502
0	1	0.79323936
1	0	0.1516646
0	1	0.91866255
1	0	-0.37102398
0	1	0.60056692
1	0	-0.17845254
0	1	0.79389048
1	0	-0.44910061
0	1	0.25203291
1	0	0.4988305
0	1	0.11355221
1	0	0.09543526
0	1	0.79389048
1	0	-0.46831447
0	1	0.79425263
1	0	0.69357508
0	1	0.07780149
1	0	-0.4691875
0	1	0.71445358
1	0	-0.39799964
0	1	0.99999994
1	0	0.51881146
0	1	0.92426962
1	0	-0.69556451
0	1	0.78808951
1	0	0.24501097
0	1	0.47274247
1	0	-0.09160522
0	1	0.81389314
1	0	0.40717342
0	1	-0.17854443
1	0	0.11519434
0	1	0.27141771
1	0	0.17122327
0	1	0.10296279
1	0	0.0766346
0	1	-0.17854443
1	0	0.65838963
0	1	0.44943973
1	0	0.01830482
0	1	0.82540947
1	0	0.48335597
0	1	0.91955179
1	0	-0.01439793
0	1	1
1	0	0.87714934
0	1	0.54354852
1	0	0.04051723
0	1	0.9564231
1	0	0.18581639
0	1	0.03299247
1	0	-0.25793612
0	1	0.98282021
1	0	0.0673404
0	1	0.72628891
1	0	0.33404329
0	1	0.67038518
1	0	-0.33987144
0	1	0.80384618
1	0	0.71513748
0	1	0.47741294
1	0	-0.10042336
0	1	0.76655239
1	0	0.31619164
0	1	0.99999988
1	0	-0.32697901
0	1	0.32354712
1	0	0.26275596
0	1	1
1	0	-0.5730291
0	1	0.80323654
1	0	0.25534558
0	1	0.63755977
1	0	-0.2632238
0	1	0.87928361
1	0	-0.02653507
0	1	0.64644951
1	0	0.35691226
0	1	0.49362743
1	0	0.08938126
0	1	0.93219095
1	0	-0.00290024
0	1	0.55061173
1	0	-0.0796468
0	1	0.76010883
1	0	-0.11013518
0	1	0.44943973
1	0	-0.7584402
0	1	0.73124456
1	0	-0.06908109
0	1	0.56439567
1	0	0.39372444
0	1	0.675704
1	0	0.07404295
0	1	0.33317566
1	0	0.41209397
0	1	0.80202401
1	0	-0.19125983
0	1	1
1	0	-0.18940926
0	1	0.79425263
1	0	0.15417454
0	1	0.91899341
1	0	-0.36498013
0	1	0.60030091
1	0	-0.17703648
0	1	0.79358
1	0	-0.45148373
0	1	0.25175568
1	0	0.50033772
0	1	0.10947687
1	0	0.09040928
0	1	0.79358
1	0	-0.46901849
1	0	0.17530039
0	1	0.07993896
1	0	0.10104066
0	1	-0.1700379
1	0	0.6623047
0	1	0.44122073
1	0	-0.00964864
0	1	0.83594203
1	0	0.50135797
0	1	0.90981954
1	0	0.03470774
0	1	1
1	0	0.87227273
0	1	0.50277221
1	0	0.05625172
0	1	0.95337409
1	0	0.17489311