0	1	0.544975
0	1	0.75420198
1	0	-0.22475179
1	0	0.01030639
0	1	0.70816465
0	1	0.92673758
1	0	0.7854485
0	1	0.97217667
0	1	0.56726438
0	1	0.34248047
1	0	-0.06073151
1	0	0.04095615
0	1	0.99873002
1	0	0.20350437
1	0	-0.08187158
1	0	-0.57255593
0	1	0.68418192
1	0	0.51578354
1	0	-0.39065452
1	0	-0.30164787
0	1	0.0881556
1	0	-0.03215154
0	1	0.09655169
0	1	0.80976209
1	0	-0.01132287
0	1	0.60686818
1	0	-0.11066272
1	0	0.00437071
1	0	0.24895078
0	1	0.57711296
0	1	0.5822526
1	0	0.58677142
1	0	0.72106945
1	0	-0.17249396
0	1	0.56672114
1	0	-0.03930117
1	0	-0.28117911
1	0	0.03120471
1	0	-0.15201353
0	1	0.14572576
1	0	0.00342527
0	1	0.97157735
0	1	1
1	0	0.24095117
0	1	0.78537705
0	1	0.57029626
1	0	-0.07707489
1	0	0.03930811
1	0	0.22328067
0	1	0.13565206
0	1	0.59617315
0	1	0.74363007
0	1	0.6676456
0	1	0.13319906
1	0	-0.57458185
1	0	-0.29121057
1	0	0.00204106
0	1	0.69327469
0	1	0.56959634
0	1	0.6041469
0	1	0.72696614
1	0	0.50711162
0	1	0.82904249
1	0	-0.73109484
0	1	0.84716217
0	1	0.61905964
0	1	0.13509712
0	1	0.75489725
1	0	-0.31588391
0	1	0.28250499
0	1	0.35865703
0	1	0.54648617
1	0	-0.12535334
1	0	0.51158636
1	0	0.21294082
1	0	0.26725595
1	0	-0.08554552
0	1	0.50701307
1	0	0.00847099
1	0	-0.27089571
0	1	0.78542853
0	1	0.96607973
0	1	0.99986564
0	1	1
0	1	0.61471558
1	0	-0.3941518
1	0	0.50831475
0	1	0.76653219
0	1	0.99911232
0	1	0.78052647
0	1	0.43727738
1	0	0.19203616
0	1	0.5085054
1	0	-0.08039387
1	0	-0.31867246
0	1	0.75707558
0	1	0.74598831
1	0	0.79080336
1	0	0.08306552
1	0	0.72669072
1	0	-0.57495648
0	1	0.73788975
0	1	0.9722051
0	1	1
1	0	0.53017031
1	0	-0.46674629
0	1	0.43010883
0	1	0.78452066
1	0	-0.79019269
1	0	-0.03837518
1	0	0.05099361
0	1	0.7612471
1	0	-0.39857403
0	1	0.59803019
1	0	0.03976828
0	1	1
0	1	0.96491908
0	1	0.67634193
0	1	0.99899474
0	1	0.5972574
0	1	0.60397323
1	0	0.2552827
1	0	0.51433864
1	0	0.17406811
1	0	-0.241283
1	0	0.02010113
1	0	-0.05931147
0	1	0.33306999
0	1	0.78137003
0	1	1
1	0	0.69464277
1	0	-0.3054492
1	0	0.00351433
0	1	0.78002539
1	0	-0.28201555
1	0	-0.03922725
0	1	0.56343162
1	0	0.19149713
0	1	0.54220349
0	1	0.96988801
1	0	-0.72732242
0	1	0.51152736
0	1	0.14760614
1	0	0.1980193
1	0	0.1875913
0	1	0.58947199
1	0	-0.41162082
1	0	0.53304018
0	1	0.359362
1	0	-0.4255103
0	1	0.29197161
1	0	-0.37654019
0	1	0.92307364
0	1	0.58836816
1	0	0.50539764
0	1	0.35586681
0	1	0.73657941
0	1	0.75816508
0	1	0.99886746
1	0	0.20282252
1	0	-0.11214165
0	1	-0.18049525
1	0	0.12613295
0	1	0.3218836
1	0	-0.06256224
1	0	-0.0046442
1	0	-0.29277919
1	0	0.17472097
0	1	0.34667715
1	0	0.59763298
0	1	0.51763997
1	0	-0.22528348
1	0	-0.73468875
1	0	0.0416545
1	0	0.79445893
0	1	0.76539054
1	0	0.1892358
0	1	0.57739208
1	0	0.5051267
1	0	-0.47072731
1	0	0.15713319
0	1	0.49457138
0	1	0.96980499
0	1	0.43409542
0	1	0.58404849
0	1	0.73081394
1	0	0.20583997
0	1	1
1	0	-0.11779635
1	0	-0.72988211
0	1	0.8161836
1	0	0.49285533
0	1	0.35828585
1	0	-0.01384674
1	0	-0.00896635
1	0	0.50097822
1	0	-0.2856903
0	1	0.99934239
1	0	0.26741626
1	0	0.58991468
1	0	-0.11529934
0	1	0.59034514
1	0	-0.286527
1	0	-0.02401628
0	1	0.69162891
1	0	-0.46074082
0	1	0.82518031
1	0	-0.08202314
1	0	0.92764242
1	0	-0.15773083
0	1	0.43304672
1	0	0.51972825
1	0	0.00594358
1	0	0.1127075
0	1	0.8091277
0	1	0.78401748
1	0	-0.16765619
1	0	0.59870408
1	0	0.03833508
1	0	-0.37557344
0	1	0.61250553
0	1	0.58434278
0	1	0.57155972
0	1	0.51356728
0	1	0.85491368
0	1	0.50622372
1	0	0.19268906
0	1	0.53704357
0	1	0.965779
0	1	0.85987198
0	1	0.71657829
0	1	0.50942903
0	1	0.74572243
0	1	0.50779034
0	1	0.57262791
1	0	0.3254788
0	1	0.72055016
0	1	0.58299642
1	0	0.92390642
1	0	0.25629011
0	1	0.57301734
0	1	0.59773074
1	0	0.03487624
1	0	-0.31751672
0	1	0.59640288
0	1	-0.18015333
1	0	0.33312835
1	0	-0.12054789
0	1	-0.1789098
0	1	0.47775906
0	1	0.97136586
1	0	0.92738776
0	1	0.81627857
0	1	0.28833652
1	0	-0.08828248
0	1	0.08962138
0	1	0.14842676
0	1	0.99812931
0	1	0.59500331
1	0	-0.07516323
1	0	-0.57405648
1	0	0.13616653
1	0	-0.29953151
1	0	-0.03722428
0	1	-0.17865891
0	1	0.80878737
1	0	0.49786828
1	0	0.52726801
0	1	0.54805035
0	1	0.7354764
0	1	-0.18189393
1	0	0.78455804
0	1	0.7855208
0	1	0.43362617
1	0	0.19976201
0	1	0.82247293
1	0	-0.4627067
0	1	0.59017253
1	0	0.69672754
0	1	0.73225447
1	0	0.00813192
1	0	0.23440017
0	1	0.66701795
0	1	-0.17856989
0	1	0.75798133
0	1	0.28572559
1	0	-0.41705343
0	1	1
0	1	0.50889178
0	1	-0.12807811
1	0	0.20904006
0	1	0.60172062
0	1	0.29641446
1	0	-0.15517552
0	1	0.58499021
1	0	0.21192883
1	0	0.32296865
1	0	-0.11314294
0	1	0.76268929
0	1	0.81989293
1	0	0.21632538
0	1	0.73392361
1	0	-0.41304923
1	0	0.15203227
1	0	0.72882336
1	0	0.73160317
0	1	0.99866331
1	0	0.26212124
0	1	0.75411726
1	0	0.52265884
1	0	-0.41616587
1	0	0.19461483
1	0	-0.22507295
1	0	0.48976718
0	1	0.61018129
0	1	-0.17927294
1	0	0.09898258
1	0	0.01663091
0	1	0.36114946
1	0	0.33816155
1	0	-0.01339683
1	0	-0.40924544
1	0	0.50331673
0	1	0.92210128
1	0	0.19886918
1	0	0.26212773
1	0	0.18995229
0	1	0.13406396
1	0	0.18322951
1	0	0.26523373
1	0	0.49849545
0	1	-0.11661406
1	0	-0.11978284
0	1	0.80644885
1	0	-0.13160953
1	0	-0.07909359
0	1	0.57791427
0	1	0.96734575
0	1	0.97174295
1	0	-0.28155825
1	0	0.53472139
0	1	0.7394682
0	1	0.83046544
0	1	1
1	0	-0.28044489
0	1	-0.18296355
0	1	0.43656842
0	1	0.76492725
1	0	0.22854774
0	1	0.76419818
1	0	0.50247973
0	1	0.75124165
0	1	0.42424738
0	1	0.99986775
1	0	0.22737463
1	0	0.25851432
0	1	1
0	1	0.50936691
1	0	-0.8011046
0	1	0.68692794
0	1	0.96825192
1	0	-0.79637213
1	0	-0.03604561
0	1	0.75264685
0	1	0.59076694
0	1	0.97107162
0	1	0.56519355
0	1	0.46950785
1	0	-0.01320471
1	0	0.1774388
1	0	0.04440955
1	0	-0.22627589
1	0	0.1270883
1	0	0.50819478
1	0	-0.01342972
1	0	-0.44058786
1	0	0.16174644
0	1	0.67314089
1	0	0.80096816
1	0	0.00126469
0	1	-0.18165769
0	1	0.68772069
1	0	0.50762358
1	0	-0.06097232
1	0	-0.28257037
1	0	0.18916036
1	0	0.26831247
0	1	0.598784
0	1	0.83619389
1	0	0.69354894
0	1	0.82660115
1	0	-0.79166326
1	0	0.33184737
1	0	-0.40745537
0	1	0.67534848
1	0	0.51215648
0	1	0.50773929
0	1	0.1445547
0	1	0.78109065
0	1	0.13469399
1	0	0.73548621
0	1	0.97253277
1	0	0.06886142
1	0	0.14570907
0	1	0.59396576
1	0	-0.3809075
1	0	-0.5724456
1	0	0.03784743
0	1	0.99925055
0	1	-0.10493039
1	0	-0.04336452
1	0	-0.25337261
1	0	0.69463587
1	0	-0.29537316
0	1	0.6856744
1	0	-0.29300107
1	0	0.73349815
0	1	1
0	1	0.10003109
0	1	0.32128579
1	0	-0.08387829
0	1	0.73828674
0	1	0.8320622
1	0	-0.03829542
0	1	0.7792961
0	1	0.81002131
1	0	-0.06126878
1	0	0.73689155
0	1	0.48998407
1	0	-0.26208302
1	0	-0.3257275
0	1	0.92509348
0	1	-0.17977218
0	1	0.09523332
0	1	0.93010894
0	1	0.99831193
0	1	0.43702582
0	1	1
1	0	-0.27666669
1	0	-0.1162684
0	1	-0.0979067
0	1	0.76549727
0	1	0.56983276
1	0	0.51722196
1	0	0.92715607
1	0	0.25441904
0	1	0.62383367
0	1	0.68782733
1	0	-0.22794957
0	1	0.6048438
1	0	0.6951556
0	1	0.97001187
0	1	0.68944365
1	0	0.92740249
0	1	0.9714823
0	1	0.97324674
1	0	0.72283466
1	0	0.59367081
0	1	0.86299545
0	1	0.7404993
0	1	0.73931875
1	0	0.22573472
0	1	0.67228537
1	0	0.26974536
0	1	0.85176036
0	1	0.9659658
0	1	0.9709699
1	0	-0.27634845
1	0	-0.02920783
1	0	-0.39232245
0	1	1
1	0	-0.28512042
1	0	0.48439758
1	0	0.19644345
0	1	1
0	1	0.57315135
1	0	0.18638138
0	1	0.97155949
0	1	0.68714412
0	1	0.74159904
1	0	-0.80423204
1	0	-0.07260389
1	0	0.7319951
0	1	1
1	0	-0.73272809
0	1	0.44369937
0	1	0.73331046
1	0	-0.47483175
1	0	0.73493099
0	1	0.14812352
1	0	0.03608514
0	1	0.62596637
1	0	0.18314744
0	1	-0.14157401
0	1	0.74251497
1	0	0.03097175
1	0	0.26093184
0	1	0.60080289
0	1	0.4401474
0	1	0.58555175