1	0	0.65876989
0	1	0.76691391
0	1	0.07983139
0	1	0.78738396
0	1	0.79318654
1	0	0.65792827
0	1	0.67600572
1	0	0.69801814
0	1	0.54654721
1	0	0.71587173
1	0	0.15341242
1	0	-0.76020054
0	1	0.81478823
1	0	0.03765565
0	1	0.63602728
1	0	0.07273746
1	0	0.356012
1	0	-0.3856536
1	0	-0.02729716
1	0	0.41099202
0	1	0.99831193
1	0	-0.46766515
1	0	0.6604877
1	0	0.31713342
0	1	0.5650192
0	1	0.98085331
1	0	0.38318371
0	1	0.80051135
1	0	-0.34165814
0	1	-0.17847859
0	1	0.32761485
1	0	-0.10490384
1	0	0.14398314
0	1	0.56483604
1	0	-0.07997219
1	0	0.54216033
1	0	0.48314311
1	0	0.33407904
0	1	0.99866331
1	0	-0.10446671
0	1	0.79390801
1	0	0.25728804
1	0	-0.25829665
1	0	-0.47626988
1	0	-0.34176374
0	1	1
1	0	-0.00763535
1	0	-0.02450464
0	1	0.25259546
0	1	0.99925055
0	1	0.59924071
0	1	0.12089948
1	0	0.71635884
1	0	-0.44236836
1	0	0.87606524
0	1	0.76038295
1	0	0.2639482
1	0	-0.18294056
1	0	0.06688984
0	1	0.87989528
1	0	0.69232936
1	0	0.48142274
0	1	0.76494183
0	1	0.79257659
0	1	0.98209642
0	1	0.92689073
0	1	0.32677872
1	0	-0.57148377
0	1	0.82503304
0	1	1
1	0	0.35561427
1	0	0.49490322
0	1	0.55004225
1	0	0.26433605
0	1	0.47097005
1	0	-0.10114098
1	0	0.39285387
1	0	-0.08452987
0	1	0.49836071
0	1	0.54410679
0	1	0.76620051
1	0	0.35649597
0	1	0.79271175
0	1	0.9177829
1	0	0.06912113
1	0	0.65620748
0	1	0.7811318
1	0	-0.07889044
0	1	0.9821864
1	0	0.38140045
1	0	0.069119
0	1	0.73149742
0	1	-0.17831882
0	1	0.99873008
1	0	-0.10877942
1	0	-0.07118684
1	0	-0.25777689
1	0	-0.34378202
1	0	-0.76632753
1	0	0.25100532
1	0	0.12474467
1	0	0.09294979
1	0	-0.19135954
0	1	0.79709801
1	0	0.07082436
1	0	-0.40750977
0	1	0.88016944
0	1	0.6733342
0	1	0.25166279
1	0	0.02590447
1	0	0.69561659
1	0	-0.33700136
0	1	0.92194551
1	0	-0.47285037
0	1	0.80137792
1	0	-0.10189942
0	1	0.11784595
1	0	0.03847634
0	1	0.54951751
0	1	0.78486499
1	0	-0.25787979
0	1	0.93437915
0	1	0.79814554
1	0	0.26290549
1	0	0.03743733
1	0	0.26207224
1	0	0.31730194
0	1	0.32958338
0	1	0.0794124
1	0	-0.46604484
0	1	0.78056948
1	0	0.11857887
1	0	-0.26202727
0	1	0.91792822
0	1	0.99986564
1	0	0.47635133
0	1	0.73754872
0	1	0.63610291
1	0	0.413063
0	1	0.5456106
1	0	0.49969941
1	0	-0.10362234
0	1	0.03667527
1	0	0.33041756
0	1	0.79349195
1	0	-0.17831247
1	0	-0.09282606
1	0	0.02496576
0	1	0.50189626
1	0	0.18596144
1	0	0.0731355
0	1	0.80237285
1	0	-0.07249977
1	0	-0.10650801
1	0	-0.37110324
0	1	0.55462538
0	1	0.66294212
1	0	-0.37738265
0	1	0.81752055
0	1	0.76113487
0	1	-0.18076871
1	0	0.15146273
1	0	0.07371721
0	1	0.92414321
0	1	0.63714527
0	1	0.63590738
0	1	-0.17024427
1	0	0.40665093
1	0	0.10035577
1	0	0.87828147
0	1	0.79594624
0	1	0.91886482
0	1	0.99899474
0	1	0.79477471
0	1	0.79099161
0	1	0.2835097
1	0	0.4941147
0	1	0.92535429
0	1	0.08291528
1	0	-0.1968763
1	0	-0.39763393
1	0	0.7177232
1	0	-0.6947653
0	1	0.8146848
1	0	0.69447365
0	1	0.92050616
1	0	-0.25364822
1	0	0.10926594
0	1	0.2499451
0	1	0.88108477
1	0	0.16505205
0	1	0.25184226
0	1	0.7936392
0	1	0.63778222
0	1	0.54844242
0	1	0.47531163
1	0	0.26124366
0	1	0.67078767
1	0	0.15105833
0	1	1
0	1	1
1	0	0.88009917
1	0	-0.58493525
0	1	0.82071391
1	0	0.35645106
1	0	-0.76368605
0	1	0.11391674
1	0	-0.33239873
1	0	0.49513981
0	1	0.03793881
1	0	-0.4682666
0	1	-0.17861605
0	1	0.99886752
1	0	0.47717198
0	1	0.4418741
1	0	-0.0060463
0	1	0.56290466
0	1	0.10600582
1	0	0.19150941
0	1	0.12418037
1	0	-0.03040534
1	0	0.41080139
0	1	0.71435967
0	1	0.93292699
0	1	0.80231435
0	1	-0.17787679
1	0	0.07641692
0	1	0.82498212
1	0	0.0896076
1	0	0.38615986
0	1	0.79173988
0	1	0.76693886
1	0	-0.17662246
1	0	-0.47429873
0	1	0.72721593
0	1	0.91947993
0	1	0.79521179
1	0	-0.36448845
0	1	0.91773038
0	1	0.33380922
0	1	0.73612838
1	0	-0.58631871
1	0	0.66346811
1	0	0.07559794
0	1	0.76728409
1	0	0.33330541
1	0	-0.33949626
0	1	0.95650368
1	0	0.33109198
1	0	-0.17977601
0	1	0.33133622
0	1	0.08183648
0	1	-0.18107873
0	1	0.81370307
0	1	0.79443166
0	1	0.93234992
1	0	-0.1826133
1	0	0.25472825
1	0	0.03591201
0	1	0.50493252
0	1	0.60086138
0	1	0.2761561
0	1	0.82529368
1	0	-0.33438524
0	1	0.79034464
0	1	0.73127977
1	0	0.07395938
1	0	0.17089817
0	1	0.11055596
1	0	0.12381955
0	1	0.79202642
0	1	0.90903165
1	0	0.07236919
1	0	-0.01824979
1	0	-0.25418096
1	0	0.88025655
0	1	1
1	0	-0.18691211
1	0	-0.39102192
1	0	-0.17970158
0	1	0.76221895
0	1	0.99934239
1	0	-0.07656553
0	1	0.33093832
0	1	0.76925826
1	0	0.05627471
1	0	-0.32796716
0	1	1
0	1	0.72692391
0	1	0.60161954
1	0	0.41154812
1	0	0.25748859
1	0	-0.45219868
0	1	1
1	0	0.02809211
0	1	0.8230162
1	0	0.6583381
0	1	0.46663229
1	0	0.31813099
1	0	0.03988347
0	1	0.83483151
0	1	1
1	0	0.24623917
1	0	0.02213172
0	1	0.44612222
0	1	0.5087234
0	1	1
1	0	0.51744884
1	0	-0.00543741
1	0	-0.10436531
1	0	0.52969229
1	0	-0.33099443
0	1	0.81322951
0	1	0.64491745
1	0	-0.26074306
0	1	0.93444613
1	0	-0.40344861
1	0	0.09416341
1	0	-0.06672759
1	0	-0.4004256
1	0	0.26469758
0	1	0.27460772
1	0	-0.46553528
1	0	-0.25179996
1	0	0.03761264
0	1	-0.17985421
1	0	0.26275438
1	0	-0.09611668
0	1	0.45732226
0	1	0.27072118
1	0	0.87864979
0	1	0.79960415
0	1	0.47783106
0	1	0.92098833
1	0	-0.19906406
0	1	1
1	0	0.35781404
0	1	0.07717303
0	1	0.10895408
1	0	0.31633159
1	0	0.52615072
1	0	-0.76493677
0	1	0.92573986
1	0	-0.08142062
1	0	-0.47069951
0	1	0.9320745
1	0	0.17525215
0	1	0.99756521
0	1	0.95227717
1	0	0.71698169
0	1	0.60066221
0	1	0.4505932
0	1	0.79136727
0	1	0.4517188
1	0	-0.26080511
0	1	0.80403571
1	0	0.40706832
1	0	0.09192775
0	1	0.49417797
0	1	0.56218963
1	0	-0.33868899
0	1	0.79844075
0	1	0.11024152
0	1	-0.18073698
0	1	0.45852603
0	1	0.55086788
1	0	0.53744715
1	0	-0.40809065
1	0	-0.18934792
1	0	0.50201155
0	1	0.55795161
0	1	0.45148971
1	0	0.09210187
0	1	0.98037875
0	1	0.10457422
1	0	0.2625138
1	0	0.48077494
1	0	-0.44176285
0	1	0.47719147
0	1	0.71235793
0	1	0.92437403
1	0	0.4124585
0	1	0.7285418
0	1	0.98100301
0	1	0.03452414
1	0	-0.08300101
0	1	0.44903065
1	0	-0.00801948
0	1	0.25221075
0	1	0.67299069
0	1	0.92903004
1	0	0.18694403
1	0	0.1726151
0	1	-0.17914708
0	1	0.67111668
0	1	0.44815992
0	1	0.08135886
0	1	0.03286333
1	0	-0.07611888
0	1	0.47043955
0	1	0.71450416
1	0	-0.00565594
0	1	0.7105007
1	0	-0.02759371
1	0	-0.02962625
0	1	0.27440693
0	1	0.95750292
0	1	0.64062807
1	0	0.17416012
0	1	0.33328253
0	1	0.80042634
1	0	0.01736387
1	0	-0.08186156
0	1	0.03404843
1	0	0.1285018
1	0	-0.01385241
0	1	0.79185088
0	1	0.79991932
0	1	0.88070455
1	0	-0.57641779
0	1	0.95753261
0	1	0.92076418
0	1	0.99911244
0	1	0.56061403
1	0	-0.75825348
0	1	0.79263833
0	1	0.7926177
1	0	0.06550539
1	0	-0.18493334
0	1	0.32937152
0	1	0.67469252
0	1	0.87950742
1	0	-0.19202565
1	0	-0.46360654
1	0	0.87098985
1	0	0.16978164
1	0	-0.02668006
0	1	0.73543355
0	1	0.99812931
0	1	0.78565578
1	0	-0.18128619
1	0	0.26321373
0	1	1
1	0	0.09784806
0	1	0.66836829
1	0	-0.00282124
0	1	0.80221548
1	0	0.26746363
1	0	0.18819429
1	0	0.14911307
1	0	0.06879429
1	0	0.11502217
0	1	0.79754458
0	1	0.47598661
1	0	0.08357082
0	1	0.76910364
0	1	0.71450462
0	1	0.64312606
0	1	0.45021299
0	1	0.46552815
1	0	-0.19685689
0	1	0.73327037
1	0	-0.02784099
1	0	0.10481277
1	0	-0.08038697
1	0	0.71305939
0	1	0.32546243
0	1	0.79330412
1	0	0.07593877
1	0	0.19245048
0	1	0.1032656
1	0	0.6971673
1	0	-0.69549787
1	0	0.50308479
1	0	-0.08927834
1	0	0.40670994
0	1	0.5486579
0	1	1
0	1	0.64491997
0	1	0.66814573
1	0	-0.44910349
1	0	-0.69449439
0	1	0.79371245
0	1	0.64690129
1	0	-0.69223482
1	0	-0.03507036
0	1	0.95656638
0	1	0.73522101
1	0	0.10161839
0	1	-0.17856051
0	1	0.99986787
1	0	-0.25718145
1	0	0.16577363
0	1	0.45363244
1	0	-0.07938503
0	1	0.79693133
0	1	1
1	0	-0.44629487
0	1	0.47847716
0	1	0.59988121
0	1	0.6718256
1	0	0.40910981
0	1	0.95644494
1	0	-0.69356783
0	1	1
1	0	-0.09796343
1	0	0.4072564
1	0	0.38830993
0	1	0.32425725
0	1	0.79249315
1	0	0.31901688
1	0	-0.58251143
1	0	0.08805697
1	0	-0.46650836
1	0	0.333379
0	1	0.51196418
0	1	0.45747353