0	1	0.63354992
1	0	-0.18288189
0	1	0.106817
1	0	-0.03275215
0	1	0.87408464
1	0	0.74239908
1	0	0.2792008
1	0	0.24417396
0	1	0.17146532
1	0	-0.43792756
1	0	-0.07996312
0	1	-0.13353015
0	1	-0.14060298
0	1	0.51798497
1	0	0.40557938
0	1	0.73641901
1	0	0.26416656
1	0	-0.10179989
0	1	0.7720608
0	1	0.53822781
1	0	0.8434049
0	1	-0.2500583
1	0	0.51155093
1	0	0.90947584
1	0	0.1265551
0	1	0.70258163
0	1	0.58861397
0	1	0.99831193
0	1	0.71178343
1	0	-0.122991
1	0	0.5380336
1	0	0.55991899
0	1	0.63744947
0	1	0.639983
1	0	-0.08921829
1	0	0.37089414
0	1	0.4839447
1	0	0.5272609
0	1	0.58619845
0	1	1
1	0	-0.21657721
0	1	0.17829794
1	0	-0.21150536
0	1	0.52514141
0	1	0.50639121
0	1	0.76191402
0	1	0.97458448
0	1	-0.13291612
1	0	0.18248117
1	0	-0.13117976
0	1	0.80081646
1	0	0.8693584
0	1	0.62333964
1	0	-0.43519204
1	0	-0.11559862
1	0	-0.14452483
1	0	0.43174283
0	1	0.34442127
0	1	0.77295998
1	0	0.89991257
0	1	0.19693978
0	1	0.60928746
0	1	0.77762726
1	0	-0.04966982
0	1	0.41098081
0	1	0.57198773
0	1	1
1	0	-0.32035966
1	0	-0.08310672
0	1	0.40310715
0	1	0.50880151
0	1	0.76663011
1	0	-0.11286617
0	1	0.99986787
0	1	0.88793334
0	1	0.48512583
0	1	0.20315365
1	0	-0.43809591
1	0	-0.09929581
0	1	0.08459311
1	0	-0.54553166
0	1	0.69432493
1	0	-0.08950661
0	1	0.89665536
1	0	0.8619416
1	0	0.74253697
1	0	-0.07412626
1	0	-0.06290489
0	1	0.61738022
1	0	0.02589241
1	0	0.20800577
0	1	-0.24352175
1	0	-0.16341157
1	0	0.26502728
0	1	0.50655912
1	0	0.00657921
1	0	-0.05436338
1	0	0.52190811
0	1	0.46120842
1	0	-0.75528209
0	1	0.48513582
0	1	1
0	1	0.40006472
1	0	0.71473425
0	1	0.16384018
1	0	-0.10645344
0	1	0.97573996
1	0	0.55850899
0	1	-0.12486075
0	1	0.73268977
1	0	-0.51394386
1	0	0.20854473
1	0	-0.72903094
1	0	0.37103726
1	0	-0.17784337
1	0	-0.3534552
1	0	0.4175376
0	1	0.52163072
1	0	0.53008354
0	1	0.55851347
0	1	0.7787926
0	1	0.68166358
0	1	0.96276408
0	1	0.17545499
1	0	0.01749909
0	1	0.69103376
1	0	0.22405421
1	0	-0.20022814
1	0	0.18757109
0	1	0.4835803
1	0	-0.0041463
1	0	-0.01219861
1	0	-0.14858367
0	1	0.40731448
1	0	-0.04256531
0	1	0.48384248
0	1	0.76323601
0	1	0.97678709
1	0	-0.21320269
1	0	0.765082
1	0	0.01514683
0	1	0.33703884
1	0	-0.32559676
1	0	-0.07549415
1	0	-0.09978852
0	1	0.61918572
1	0	0.01344164
0	1	0.75461591
0	1	0.59968695
0	1	0.79307035
0	1	0.79308938
1	0	0.13966142
1	0	0.11909301
0	1	0.76587111
0	1	1
1	0	-0.00701658
0	1	-0.14672484
0	1	0.76081279
0	1	0.4650222
1	0	0.26443181
0	1	0.19054902
0	1	-0.12387918
1	0	0.53203356
1	0	-0.33006621
1	0	0.43238827
1	0	-0.07118059
1	0	-0.51884638
1	0	-0.1655488
0	1	0.47478005
1	0	0.76818348
1	0	0.12570592
0	1	0.56259486
0	1	0.40595626
1	0	-0.55287751
0	1	0.96435388
0	1	0.62762547
0	1	0.40273239
1	0	-0.10167846
0	1	0.97129956
1	0	-0.43828015
1	0	-0.09761063
1	0	0.07951221
0	1	0.4841867
0	1	0.54627697
0	1	0.70558374
1	0	0.2188379
0	1	0.55830512
1	0	-0.33661014
0	1	0.97237086
1	0	0.16676694
1	0	-0.05495334
0	1	0.99911244
0	1	0.79522863
1	0	-0.18352182
0	1	0.72569286
0	1	0.41250824
1	0	-0.43190395
1	0	-0.08926836
0	1	0.33868585
0	1	0.63747342
0	1	0.99812931
0	1	0.75870782
0	1	0.79607836
1	0	0.91229509
0	1	1
1	0	0.56372725
1	0	0.02063694
1	0	0.26025922
0	1	0.99873008
1	0	0.02223859
0	1	0.78965432
0	1	0.77069158
0	1	0.79066203
1	0	0.02040379
0	1	0.43405891
1	0	-0.34403341
0	1	0.78823537
0	1	0.47045532
0	1	0.77944932
0	1	1
0	1	0.48217952
0	1	0.42242414
0	1	0.79596402
1	0	-0.52129143
1	0	-0.1995318
1	0	-0.22208894
1	0	-0.07683485
0	1	0.87700608
1	0	0.11242498
1	0	0.25282378
1	0	0.39103544
0	1	0.76642023
0	1	0.79700207
0	1	0.49452657
0	1	0.76790133
0	1	0.54289436
1	0	-0.15920288
0	1	0.88160848
1	0	-0.01905913
1	0	-0.09648842
1	0	0.26902461
0	1	0.7778141
1	0	0.02455694
0	1	0.40320257
1	0	-0.21555851
1	0	0.74399643
0	1	0.40263888
0	1	0.60240783
0	1	0.89469675
0	1	0.9713472
1	0	0.90999145
1	0	-0.08714298
0	1	0.97695468
1	0	0.18051707
0	1	1
0	1	0.59629465
0	1	0.53340578
0	1	0.97704305
0	1	-0.25744306
0	1	0.52379425
0	1	0.56199079
1	0	-0.08967263
1	0	-0.10894719
0	1	0.79435857
1	0	-0.094126
1	0	-0.02625305
1	0	0.55758042
0	1	0.06866755
1	0	0.15019019
0	1	0.60757766
0	1	0.77150959
0	1	0.96456831
0	1	0.7878449
0	1	0.97483407
0	1	0.97108833
0	1	0.96504501
0	1	0.60970563
1	0	-0.03085325
1	0	0.21594215
0	1	1
1	0	-0.09687783
1	0	0.75753226
0	1	0.52925662
0	1	0.63686189
0	1	0.64101676
1	0	-0.52503336
0	1	0.70458666
0	1	0.71917849
0	1	0.99886752
1	0	0.44587515
1	0	-0.18853917
1	0	-0.72530088
1	0	-0.02140828
1	0	0.20987883
0	1	0.61254794
0	1	0.67988869
0	1	0.4872994
1	0	-0.028825
0	1	0.74347826
1	0	0.26336621
1	0	-0.18962204
0	1	0.36821718
0	1	0.76596898
1	0	0.22975855
0	1	0.57441602
1	0	0.01841228
0	1	0.35092622
1	0	0.76108322
0	1	0.61389887
1	0	0.11341417
1	0	-0.1217554
0	1	0.97596064
1	0	0.21062901
0	1	0.99925055
0	1	0.44051288
1	0	-0.0292382
1	0	0.53350396
1	0	0.56011146
0	1	0.11620783
0	1	0.63712153
1	0	0.57441769
0	1	0.52126113
1	0	0.26303578
1	0	-0.4367854
0	1	1
1	0	0.76387254
0	1	0.68863746
0	1	1
1	0	-0.19816815
0	1	0.32850184
0	1	-0.11408763
1	0	0.35915893
0	1	1
1	0	-0.12856069
1	0	-0.43353442
1	0	-0.33243607
0	1	0.71013933
1	0	0.41962737
0	1	0.30738389
1	0	0.18932546
1	0	-0.11658664
0	1	0.76127277
1	0	0.52971442
0	1	-0.25994849
1	0	-0.35784862
1	0	0.22912337
1	0	-0.73339983
0	1	0.18829415
1	0	0.02415094
1	0	-0.01581053
1	0	0.4037418
1	0	-0.17704911
1	0	0.53114999
0	1	0.80517162
1	0	0.55000226
0	1	0.99866331
1	0	0.0186168
0	1	0.62635889
1	0	-0.01847427
0	1	0.56037048
1	0	0.03063394
0	1	0.53134539
1	0	-0.21084315
0	1	0.54312464
0	1	0.78640727
1	0	0.56879131
0	1	0.31819268
1	0	0.74547418
1	0	0.5188779
1	0	-0.51676222
0	1	0.543178
0	1	0.99899474
1	0	-0.05120386
0	1	0.4023185
0	1	0.72860353
0	1	0.46832233
1	0	-0.43281181
0	1	-0.14779446
1	0	0.7093997
1	0	-0.08107664
1	0	0.41079038
1	0	0.0029948
0	1	1
0	1	0.51566388
1	0	0.55248355
1	0	-0.02479815
0	1	1
0	1	0.77007475
0	1	0.80090386
0	1	0.72800188
1	0	-0.19382773
0	1	0.78905146
1	0	-0.71696568
0	1	-0.13940069
1	0	0.45338742
0	1	0.97582349
1	0	0.06207016
1	0	-0.04268302
0	1	0.88524348
1	0	-0.3182665
1	0	0.31221336
0	1	0.72988612
0	1	0.48028795
1	0	-0.1239572
0	1	-0.23464202
1	0	0.13435598
1	0	0.58464222
1	0	-0.05465562
0	1	0.89207417
1	0	-0.14534902
1	0	0.56872275
0	1	0.68032568
1	0	-0.03536707
1	0	0.89984828
1	0	0.74416147
1	0	0.57540367
0	1	-0.11311292
0	1	0.3576483
0	1	0.71561965
1	0	-0.07080024
0	1	0.99986564
1	0	-0.54117517
1	0	-0.74195803
1	0	-0.21458235
0	1	0.76407649
1	0	0.01657278
1	0	-0.2109729
1	0	-0.43607832
1	0	0.29104853
0	1	0.47211368
1	0	-0.32304189
0	1	0.99934239
0	1	0.97661131
1	0	-0.74927925
0	1	0.22057259
0	1	0.58851154
0	1	0.64830429
0	1	0.46149726
1	0	0.30051424
1	0	0.71084554
0	1	0.55928326
1	0	-0.53163019
1	0	0.38421399
1	0	0.09544114
1	0	-0.01914562
0	1	0.52889873
1	0	-0.72231596
0	1	0.53661832
1	0	0.2674206
0	1	0.63879863
1	0	0.57824471
1	0	0.84892064
0	1	0.34109755
1	0	0.53071982
0	1	0.97213832
0	1	0.16360318
0	1	0.75631608
1	0	-0.02010897
0	1	0.63190691
0	1	0.54533158
1	0	0.20133465
0	1	0.41505255
1	0	0.00646147
1	0	-0.4333959
0	1	0.55749296
0	1	0.96048652
1	0	0.21037933
0	1	0.0968424
0	1	0.88030525
1	0	-0.7178651
0	1	0.9758537
1	0	0.2106971
0	1	0.47591939
0	1	1
1	0	0.14225659
1	0	-0.70971527
0	1	0.89055937
0	1	0.49553378
0	1	0.53512348
0	1	0.76193906
0	1	0.5587878
1	0	0.39709224
1	0	0.19432884
1	0	0.7055632
0	1	0.5359184
1	0	0.04161289
1	0	-0.0109903
1	0	0.04278459
1	0	0.85439515
0	1	0.47638153
0	1	0.41211275
1	0	-0.51106589
1	0	-0.02163026
0	1	0.49730954
1	0	-0.08369831
1	0	0.71630266
0	1	0.73310249
1	0	0.56290353
0	1	0.55121702
1	0	0.02145885