0	1	0.88708376
0	1	0.88295562
1	0	-0.05045719
0	1	0.99986564
1	0	-0.09633724
1	0	-0.32588868
0	1	0.99756515
0	1	0.52066413
1	0	0.7623236
1	0	-0.09378466
1	0	-0.05827179
1	0	-0.71276566
0	1	0.99925055
0	1	0.41503683
0	1	0.96066694
0	1	0.73446643
1	0	-0.25906915
0	1	0.14752632
0	1	0.96989794
0	1	1
1	0	0.03826731
0	1	0.99831193
1	0	-0.02627806
0	1	0.99873008
1	0	-0.07773047
0	1	0.74492584
0	1	0.34224202
0	1	0.70910584
1	0	-0.22327371
0	1	0.85809915
1	0	0.19424172
1	0	-0.1266059
1	0	-0.00206099
0	1	0.71938089
0	1	0.45172007
0	1	0.72172527
1	0	-0.2171623
1	0	0.17085488
0	1	0.9689887
0	1	0.57225877
1	0	-0.0170665
1	0	0.2550257
1	0	0.00846722
0	1	0.71282378
1	0	-0.01910481
0	1	0.60872997
1	0	0.54495646
0	1	0.30993758
0	1	0.77881402
1	0	-0.35885812
1	0	0.37239484
1	0	-0.81471244
1	0	-0.03057957
1	0	-0.09635791
1	0	-0.01826115
1	0	0.04336401
1	0	-0.06597098
0	1	0.72737328
0	1	0.70621069
0	1	0.26369592
0	1	0.99899474
1	0	-0.09441331
1	0	-0.05627478
0	1	0.74788328
0	1	0.97268443
1	0	0.27527858
0	1	0.56628001
0	1	0.77974332
1	0	-0.38616685
0	1	0.65461904
0	1	0.78669459
1	0	-0.4351663
1	0	-0.22189956
1	0	0.5068569
0	1	0.46859889
1	0	-0.05214212
1	0	-0.21130257
0	1	0.73335835
1	0	0.19571193
0	1	0.75938374
1	0	0.16795535
1	0	0.13585878
1	0	0.92687643
0	1	0.5159926
1	0	-0.32943075
1	0	-0.04406965
0	1	0.96267336
1	0	-0.04082705
1	0	-0.01744718
1	0	0.47419529
1	0	-0.43988782
1	0	-0.43660167
0	1	0.55574532
0	1	0.14571604
0	1	0.96838438
0	1	0.76049641
1	0	0.0362217
1	0	0.72710165
1	0	-0.06193189
1	0	0.75762303
1	0	0.165563
0	1	0.7778371
1	0	0.2829873
0	1	0.99886752
0	1	0.89124113
0	1	0.60915475
1	0	0.15731935
1	0	-0.26096596
0	1	0.59421371
1	0	-0.06009849
1	0	0.41417857
1	0	0.75158582
0	1	0.15657369
0	1	0.99911232
1	0	-0.0622043
1	0	-0.44489838
1	0	-0.43851542
0	1	-0.02548232
1	0	-0.70385357
0	1	0.65401177
1	0	-0.06489289
0	1	0.56544214
0	1	1
0	1	0.6664143
1	0	-0.43076917
1	0	0.72170067
1	0	0.92375454
0	1	0.4795537
0	1	0.56472533
1	0	-0.39314109
1	0	-0.3378195
0	1	-0.19004171
1	0	0.27556987
1	0	0.70729814
0	1	0.52056864
1	0	0.49698456
0	1	0.60961357
0	1	0.9764786
0	1	0.68979979
1	0	-0.01705366
0	1	0.73884063
0	1	1
0	1	0.51712261
1	0	0.02808472
1	0	-0.38865302
0	1	0.96433899
0	1	0.17520476
0	1	0.46342079
0	1	1
0	1	0.72771245
0	1	0.63571321
0	1	0.63511956
0	1	0.69124567
0	1	0.5492118
1	0	0.51411556
0	1	1
0	1	0.89317556
1	0	0.70095671
0	1	0.97496438
1	0	0.24278461
0	1	0.78446844
0	1	0.07376605
1	0	-0.71576407
1	0	-0.04887335
0	1	0.14365534
1	0	0.72626479
1	0	0.48362501
0	1	0.74093076
1	0	0.0433898
0	1	0.4561929
1	0	-0.08488873
0	1	0.65821031
0	1	0.46115596
1	0	-0.56403576
0	1	-0.18929582
0	1	0.77492634
0	1	0.76286495
0	1	0.14908208
0	1	0.72799681
0	1	0.4987705
1	0	0.69678744
1	0	0.24501746
1	0	0.48676606
0	1	0.71363983
0	1	0.32469466
1	0	-0.53317295
1	0	-0.25219263
0	1	0.16400585
1	0	0.04399887
0	1	1
1	0	0.69892508
0	1	0.52969127
1	0	0.91268544
1	0	0.26252217
1	0	-0.81780075
0	1	0.02178419
0	1	0.85280082
0	1	0.49263479
1	0	0.42503428
0	1	0.51506894
0	1	0.64793512
1	0	0.49084034
1	0	-0.82165157
1	0	0.34166508
1	0	0.74279164
1	0	0.70113059
1	0	0.09641516
0	1	0.96048535
1	0	0.69355638
1	0	-0.42605137
0	1	0.97545099
0	1	0.74460054
0	1	-0.18714797
1	0	-0.21973122
1	0	0.01691136
0	1	0.78519259
1	0	0.48489434
1	0	0.92376605
0	1	0.57340221
1	0	0.21083727
0	1	0.73059907
1	0	0.22143258
1	0	0.36245878
0	1	0.31632034
0	1	0.96286209
0	1	0.48717376
1	0	0.21892755
0	1	0.71599599
0	1	0.77763915
0	1	1
0	1	0.51666751
1	0	0.55407259
0	1	0.77495324
1	0	0.0340758
1	0	0.70567404
0	1	1
0	1	0.56703843
0	1	0.39292835
1	0	-0.0402773
1	0	-0.38996851
1	0	-0.72028013
0	1	-0.19088159
0	1	0.26868973
1	0	0.25875939
0	1	0.62925474
0	1	0.97010302
0	1	0.80023757
0	1	0.31784426
1	0	-0.02074063
1	0	0.24425091
0	1	0.78317646
0	1	0.55181457
0	1	0.60570567
1	0	0.45148142
0	1	0.96304253
1	0	-0.3881852
0	1	0.7799242
1	0	0.04515377
1	0	0.12139773
0	1	0.6606639
0	1	0.97659816
0	1	0.96047775
1	0	-0.39702585
1	0	-0.35411218
0	1	0.52245964
0	1	0.33790944
0	1	0.49921439
1	0	0.46587031
1	0	0.36066356
1	0	0.24052419
0	1	0.75968816
1	0	-0.08060002
0	1	0.59240195
0	1	-0.00812217
1	0	0.3762047
1	0	0.14571295
1	0	-0.55385096
1	0	-0.21202571
0	1	0.72598193
0	1	-0.19177676
1	0	-0.25406851
1	0	0.12284005
0	1	0.79394076
1	0	-0.04127408
0	1	0.73736692
0	1	0.72659845
1	0	0.50406708
0	1	0.55693644
1	0	-0.44106605
1	0	0.3660209
1	0	0.11732692
1	0	0.27696702
0	1	0.15314117
1	0	0.48905532
0	1	0.86208343
0	1	0.46017304
1	0	-0.7074325
1	0	0.47156946
0	1	0.68522289
0	1	0.42496777
1	0	0.72233678
1	0	-0.05352615
0	1	0.72619586
1	0	0.15941176
1	0	0.29591176
1	0	0.74174445
1	0	0.49431064
1	0	-0.57997493
0	1	1
1	0	0.38961812
0	1	0.72782069
1	0	0.03057871
0	1	0.84814729
0	1	0.01631385
0	1	-0.18929434
1	0	0.49170731
1	0	0.47383725
1	0	-0.20996927
1	0	0.21939751
1	0	0.44587581
1	0	-0.25272427
1	0	-0.04327394
1	0	-0.20158488
1	0	-0.39775084
1	0	0.86515896
0	1	1
0	1	0.77979555
1	0	-0.09412882
1	0	-0.3537779
0	1	0.78645809
1	0	0.00246451
1	0	0.2406642
0	1	0.7660019
0	1	0.17622926
1	0	-0.32307238
0	1	0.70452514
0	1	0.32964372
1	0	0.32973434
0	1	0.07549149
0	1	0.95349101
0	1	0.97723742
1	0	-0.37002309
1	0	-0.21827407
0	1	0.9338994
1	0	0.26718425
0	1	0.56304599
1	0	0.02282171
0	1	0.78733335
1	0	-0.20298713
1	0	0.521271
0	1	0.63854128
0	1	0.99866331
0	1	0.69676975
1	0	0.12498521
0	1	0.51033502
1	0	-0.22443767
0	1	0.99934239
0	1	0.56597916
0	1	0.25987613
0	1	0.7366724
0	1	0.66576318
1	0	-0.55869363
0	1	0.69847955
0	1	0.59445469
1	0	0.69273122
0	1	1
0	1	-0.19052034
0	1	0.56776768
0	1	0.96857659
1	0	-0.52087801
0	1	0.67238174
0	1	0.74600639
0	1	0.34426188
0	1	0.70830387
1	0	-0.81981477
1	0	-0.35089738
0	1	0.078102
0	1	0.51250372
0	1	0.88034989
1	0	-0.03653054
0	1	0.75662476
0	1	0.93929163
1	0	0.19985972
0	1	0.6093089
0	1	0.14500475
1	0	-0.32038026
1	0	0.07125776
1	0	-0.39310157
0	1	0.93792162
1	0	0.26158063
1	0	0.03594874
0	1	0.97659602
0	1	0.60240668
1	0	-0.33540905
1	0	-0.04316194
1	0	0.18414187
1	0	0.28300512
1	0	0.92846426
1	0	-0.56770105
1	0	0.42130538
1	0	0.27876504
0	1	0.47543703
1	0	0.20113274
0	1	0.77831089
1	0	0.70161384
1	0	0.72054877
0	1	0.73538648
0	1	0.72909345
0	1	0.66160951
0	1	0.78815234
0	1	0.76532534
1	0	-0.07651445
0	1	0.31248805
1	0	-0.34882655
1	0	0.01844014
1	0	0.46169073
0	1	0.66349681
0	1	1
1	0	0.47678175
1	0	-0.00691284
1	0	-0.14866828
0	1	0.3994804
1	0	0.24256262
1	0	0.25217894
1	0	0.42540475
1	0	-0.12840647
1	0	0.17126502
0	1	0.56068772
0	1	0.32417059
0	1	0.84970929
1	0	-0.09679267
0	1	0.74648593
1	0	-0.58730556
0	1	0.79426155
0	1	0.77449603
0	1	0.07124639
0	1	-0.18614825
0	1	0.93656994
1	0	-0.03049064
0	1	0.99812931
1	0	-0.34254915
0	1	0.78761434
0	1	1
1	0	0.35779841
0	1	0.31354026
1	0	-0.07256378
1	0	-0.38053231
0	1	0.79076688
1	0	0.4402365
0	1	0.77350512
0	1	0.26052719
1	0	0.55988461
1	0	0.24482297
1	0	-0.1302604
0	1	0.67373381
0	1	-0.0343943
1	0	-0.07814698
1	0	0.92626679
0	1	0.71907562
1	0	-0.56008227
1	0	-0.03981381
1	0	0.22302259
1	0	-0.01746327
1	0	0.04252692
1	0	0.08264109
1	0	0.36524171
1	0	0.14952057
1	0	0.69694795
1	0	-0.07639862
1	0	-0.56667763
0	1	0.99986787
1	0	-0.2518512
0	1	0.7859945
1	0	0.20588778
1	0	-0.24134688
0	1	0.7142994
0	1	0.97668384
1	0	0.22058247
0	1	0.47216911
1	0	0.24628125
1	0	-0.12627414
1	0	-0.22931952
0	1	0.64397532
1	0	-0.40650579
1	0	-0.12943213
0	1	0.26950376
0	1	0.69169103
0	1	0.9100692
1	0	0.30643994
0	1	0.77650237
0	1	0.45129957
1	0	0.23180264
1	0	0.16918133
0	1	0.72555698
1	0	-0.26230014
0	1	0.9602881
1	0	0.35035801
0	1	1
0	1	0.71809624
0	1	0.77891376
1	0	-0.04016381
0	1	0.9626336
0	1	-0.19200732
1	0	-0.04499204
0	1	0.59817622
0	1	0.43220189
0	1	0.94019812
0	1	0.07344748
0	1	0.52841885
0	1	0.51436693
0	1	0.5674382
0	1	-0.18778786
0	1	0.77843849
0	1	0.78705085
0	1	0.73001235
1	0	-0.82188412
1	0	0.45712969
1	0	0.01960803