0	1	0.70823371
1	0	0.72606927
0	1	-0.03493982
1	0	-0.56755692
0	1	0.74244612
1	0	-0.44642073
0	1	1
1	0	0.70832771
0	1	0.93424416
1	0	-0.52079296
0	1	0.62928611
1	0	0.49443758
0	1	0.31586874
1	0	0.14894284
0	1	0.75748527
1	0	0.20566672
0	1	-0.18690887
1	0	0.42522931
0	1	0.50098681
1	0	0.00338548
0	1	0.14666928
1	0	-0.08452637
0	1	-0.18690887
1	0	0.76241165
0	1	0.56648016
1	0	0.20007239
0	1	0.78632706
1	0	0.50769854
0	1	0.96378827
1	0	-0.25482318
0	1	1
1	0	0.92736322
0	1	0.78896677
1	0	0.04331736
0	1	0.97017723
1	0	0.19473253
0	1	0.07760122
1	0	-0.20082511
0	1	0.97636169
1	0	0.24283285
0	1	0.71736199
1	0	0.27409863
0	1	0.73506433
1	0	-0.39814925
0	1	0.63487124
1	0	0.69613194
0	1	0.45227599
1	0	-0.12639953
0	1	0.77942675
1	0	0.45765218
0	1	1
1	0	-0.32390124
0	1	0.43145108
1	0	0.26168239
0	1	1
1	0	-0.72046685
0	1	0.74622679
1	0	0.56124723
0	1	0.47334921
1	0	-0.03728148
0	1	0.84758407
1	0	-0.06596699
0	1	0.56541014
1	0	0.48853225
0	1	0.71826267
1	0	0.17049035
0	1	0.96330243
1	0	-0.03965539
0	1	0.51297009
1	0	-0.00326526
0	1	0.76284742
1	0	-0.01800518
0	1	0.56648016
1	0	-0.8148939
0	1	0.77470863
1	0	-0.22011647
0	1	0.52011359
1	0	0.22114497
0	1	0.60209471
1	0	-0.0533642
0	1	0.34241611
1	0	0.35773754
0	1	0.79868907
1	0	-0.34820175
0	1	1
1	0	-0.09240177
0	1	0.70823371
1	0	0.02115902
0	1	0.8801049
1	0	-0.37982559
0	1	0.60674006
1	0	-0.26349667
0	1	0.65439659
1	0	0.03954429
0	1	0.15283836
1	0	0.2948387
0	1	0.26873899
1	0	0.07195359
0	1	0.65439659
1	0	-0.35280699
0	1	0.71209109
1	0	0.72497511
0	1	-0.02525538
1	0	-0.56653118
0	1	0.74025303
1	0	-0.44454926
0	1	1
1	0	0.7064594
0	1	0.93516243
1	0	-0.53216994
0	1	0.63506454
1	0	0.49133551
0	1	0.31095514
1	0	0.14514677
0	1	0.76030982
1	0	0.21958196
0	1	-0.18776484
1	0	0.41354501
0	1	0.49858901
1	0	0.00838085
0	1	0.14708774
1	0	-0.0798824
0	1	-0.18776484
1	0	0.75883597
0	1	0.56703407
1	0	0.19483173
0	1	0.78617454
1	0	0.5046578
0	1	0.96286958
1	0	-0.25137377
0	1	1
1	0	0.92693299
0	1	0.78427756
1	0	0.04392037
0	1	0.97002244
1	0	0.20071861
0	1	0.07611995
1	0	-0.20334257
0	1	0.97663915
1	0	0.24555197
0	1	0.72079825
1	0	0.27489731
0	1	0.73362917
1	0	-0.39644551
0	1	0.63964862
1	0	0.69629318
0	1	0.4535825
1	0	-0.12713048
0	1	0.77935147
1	0	0.4522967
0	1	0.99999988
1	0	-0.32924372
0	1	0.42586803
1	0	0.260506
0	1	1
1	0	-0.71683419
0	1	0.74557191
1	0	0.5553956
0	1	0.4793067
1	0	-0.04314656
0	1	0.84982508
1	0	-0.06497508
0	1	0.56612235
1	0	0.48494056
0	1	0.71424836
1	0	0.16882816
0	1	0.96297854
1	0	-0.03966882
0	1	0.51355606
1	0	-0.0079688
0	1	0.7675041
1	0	-0.01816386
0	1	0.56703407
1	0	-0.81649989
0	1	0.77554321
1	0	-0.21931534
0	1	0.52145928
1	0	0.22445276
0	1	0.59860557
1	0	-0.05205736
0	1	0.34355175
1	0	0.36058882
0	1	0.79611802
1	0	-0.34338334
0	1	0.99999988
1	0	-0.09330029
0	1	0.71209109
1	0	0.02345547
0	1	0.88234395
1	0	-0.38927799
0	1	0.6075449
1	0	-0.26154158
0	1	0.66080195
1	0	0.0194741
0	1	0.15612222
1	0	0.30628246
0	1	0.26674727
1	0	0.08122119
0	1	0.66080195
1	0	-0.35877886
0	1	0.71887743
1	0	0.72350508
0	1	-0.00678655
1	0	-0.56445211
0	1	0.73569179
1	0	-0.44169393
0	1	0.99999982
1	0	0.70237631
0	1	0.93696725
1	0	-0.55306488
0	1	0.64525527
1	0	0.4855437
0	1	0.31320399
1	0	0.13666046
0	1	0.76663923
1	0	0.24027851
0	1	-0.1892181
1	0	0.39038077
0	1	0.48641354
1	0	0.01770584
0	1	0.14589125
1	0	-0.07107997
0	1	-0.1892181
1	0	0.75227451
0	1	0.56160557
1	0	0.18458822
0	1	0.78666592
1	0	0.49809641
0	1	0.9609319
1	0	-0.2427444
0	1	0.99999988
1	0	0.92609102
0	1	0.77508616
1	0	0.04448175
0	1	0.96967351
1	0	0.20805061
0	1	0.07427799
1	0	-0.21167548
0	1	0.97705984
1	0	0.24519229
0	1	0.72613859
1	0	0.27765074
0	1	0.7313298
1	0	-0.39365962
0	1	0.64949852
1	0	0.69794708
0	1	0.45706347
1	0	-0.12810422
0	1	0.77922225
1	0	0.44168606
0	1	1
1	0	-0.33900195
0	1	0.41492543
1	0	0.25732449
0	1	1
1	0	-0.71301055
0	1	0.74498349
1	0	0.54328263
0	1	0.49138075
1	0	-0.05684048
0	1	0.85391134
1	0	-0.06295551
0	1	0.56843174
1	0	0.47806156
0	1	0.70514321
1	0	0.1648625
0	1	0.96228307
1	0	-0.04049477
0	1	0.51465082
1	0	-0.0161626
0	1	0.77509612
1	0	-0.01834015
0	1	0.56160557
1	0	-0.81917626
0	1	0.77733952
1	0	-0.21706259
0	1	0.52486211
1	0	0.2309912
0	1	0.59682423
1	0	-0.05012246
0	1	0.33611411
1	0	0.36583692
0	1	0.7923224
1	0	-0.33530742
0	1	1
1	0	-0.0941364
0	1	0.71887743
1	0	0.02806173
0	1	0.88633817
1	0	-0.40648478
0	1	0.60868537
1	0	-0.25761777
0	1	0.67335355
1	0	-0.01950208
0	1	0.16297926
1	0	0.32862404
0	1	0.26388657
1	0	0.09722018
0	1	0.67335355
1	0	-0.37058327
0	1	0.72743833
1	0	0.72135466
0	1	0.01603717
1	0	-0.56023896
0	1	0.72948509
1	0	-0.43813032
0	1	1
1	0	0.69660199
0	1	0.93903589
1	0	-0.58013481
0	1	0.65940768
1	0	0.47715476
0	1	0.31423679
1	0	0.12416434
0	1	0.77601933
1	0	0.27004975
0	1	-0.19158785
1	0	0.35011834
0	1	0.46869296
1	0	0.0312054
0	1	0.14481962
1	0	-0.05853356
0	1	-0.19158785
1	0	0.74349719
0	1	0.55497956
1	0	0.17143719
0	1	0.78767985
1	0	0.48793739
0	1	0.95801175
1	0	-0.22834964
0	1	1
1	0	0.92454243
0	1	0.76077229
1	0	0.04402742
0	1	0.96916962
1	0	0.21959938
0	1	0.07189249
1	0	-0.22056419
0	1	0.97740477
1	0	0.24524631
0	1	0.73442501
1	0	0.28233731
0	1	0.72723824
1	0	-0.39005977
0	1	0.6653114
1	0	0.70014721
0	1	0.46073365
1	0	-0.13009977
0	1	0.77919626
1	0	0.42598003
0	1	0.99999988
1	0	-0.3510637
0	1	0.39924899
1	0	0.2537975
0	1	1
1	0	-0.7062934
0	1	0.74410456
1	0	0.522995
0	1	0.51016945
1	0	-0.07552806
0	1	0.85938203
1	0	-0.06037896
0	1	0.57269424
1	0	0.4663946
0	1	0.6910519
1	0	0.15950271
0	1	0.96103829
1	0	-0.04178159
0	1	0.51657563
1	0	-0.02988312
0	1	0.78621376
1	0	-0.01797667
0	1	0.55497956
1	0	-0.82201385
0	1	0.77976298
1	0	-0.21208705
0	1	0.52882236
1	0	0.24125718
0	1	0.59302479
1	0	-0.04551544
0	1	0.33008507
1	0	0.37252757
0	1	0.78735822
1	0	-0.32307425
0	1	1
1	0	-0.09644947
0	1	0.72743833
1	0	0.03452636
0	1	0.89133292
1	0	-0.43005422
0	1	0.61003327
1	0	-0.25138816
0	1	0.69052762
1	0	-0.07748988
0	1	0.17450181
1	0	0.35937777
0	1	0.25995782
1	0	0.11708961
0	1	0.69052762
1	0	-0.38640919
0	1	0.72962588
1	0	0.72051626
0	1	0.02299828
1	0	-0.55847514
0	1	0.72727334
1	0	-0.43766004
0	1	1
1	0	0.69497067
0	1	0.93960947
1	0	-0.58849818
0	1	0.66381782
1	0	0.47383076
0	1	0.31911635
1	0	0.12054022
0	1	0.77891266
1	0	0.2787855
0	1	-0.19197373
1	0	0.34220278
0	1	0.46215141
1	0	0.03591388
0	1	0.14214776
1	0	-0.05437231
0	1	-0.19197373
1	0	0.74068213
0	1	0.55008775
1	0	0.16687626
0	1	0.78783584
1	0	0.48517779
0	1	0.95695317
1	0	-0.22432637
0	1	1
1	0	0.92371047
0	1	0.75603789
1	0	0.04329955
0	1	0.96894974
1	0	0.21968967
0	1	0.07143039
1	0	-0.22264776
0	1	0.97739601
1	0	0.24117079
0	1	0.73678851
1	0	0.28364703
0	1	0.72594672
1	0	-0.38855091
0	1	0.66839081
1	0	0.70131212
0	1	0.46164531
1	0	-0.13048601
0	1	0.77925169
1	0	0.42126963
0	1	1
1	0	-0.35460386
0	1	0.3946403
1	0	0.25197417
0	1	1
1	0	-0.70431054
0	1	0.74465114
1	0	0.51593983
0	1	0.51672322
1	0	-0.07849295
0	1	0.8609513
1	0	-0.05952027
0	1	0.57397169
1	0	0.46275082
0	1	0.6859318
1	0	0.1574046
0	1	0.96061176
1	0	-0.04282835
0	1	0.51733547
1	0	-0.03220873
0	1	0.78865987
1	0	-0.01709577
0	1	0.55008775
1	0	-0.82260019
0	1	0.78061175
1	0	-0.21023543
0	1	0.52865779
1	0	0.24467792
0	1	0.59563786
1	0	-0.04368922
0	1	0.32590586
1	0	0.37441763
0	1	0.78532165
1	0	-0.31939211
0	1	0.99999988
1	0	-0.09771367
0	1	0.72962588
1	0	0.036586
0	1	0.89278215
1	0	-0.43709576
0	1	0.61048096
1	0	-0.24992892
0	1	0.6980018
1	0	-0.09594212
0	1	0.17737044
1	0	0.36782515
0	1	0.25960204
1	0	0.12363299
0	1	0.6980018
1	0	-0.39090943
1	0	0.91284311
0	1	0.47478366
1	0	0.47015107
0	1	0.70904958
1	0	0.44511199
0	1	0.97908735
1	0	-0.42604849
0	1	1
1	0	0.86684084
0	1	0.90903127
1	0	-0.0267418
0	1	0.97310722
1	0	-0.04205306
0	1	0.32556182
1	0	-0.14901575
0	1	0.97741789
1	0	-0.07692614
0	1	0.72730577